 -0.09130000  0.01035000
 -0.07996350  0.01035000
 -0.07682302  0.01035000
 -0.07652080  0.01034000
 -0.07622596  0.01033000
 -0.07593933  0.01032000
 -0.07566066  0.01031000
 -0.07538967  0.01030000
 -0.07512613  0.01029000
 -0.07486977  0.01028000
 -0.07462033  0.01027000
 -0.07437756  0.01026000
 -0.07414121  0.01025000
 -0.07391101  0.01024000
 -0.07368672  0.01023000
 -0.07346806  0.01022000
 -0.07325480  0.01021000
 -0.07304667  0.01020000
 -0.07284341  0.01019000
 -0.07264477  0.01018000
 -0.07245049  0.01017000
 -0.07226032  0.01016000
 -0.07207399  0.01015000
 -0.07189126  0.01014000
 -0.07171187  0.01013000
 -0.07153555  0.01012000
 -0.07136206  0.01011000
 -0.07119115  0.01010000
 -0.07102268  0.01009000
 -0.07085663  0.01008000
 -0.07069293  0.01007000
 -0.07053156  0.01006000
 -0.07037246  0.01005000
 -0.07021561  0.01004000
 -0.07006094  0.01003000
 -0.06990843  0.01002000
 -0.06975802  0.01001000
 -0.06960968  0.01000000
 -0.06946337  0.00999000
 -0.06931903  0.00998000
 -0.06917664  0.00997000
 -0.06903614  0.00996000
 -0.06889749  0.00995000
 -0.06876065  0.00994000
 -0.06862558  0.00993000
 -0.06849224  0.00992000
 -0.06836058  0.00991000
 -0.06823056  0.00990000
 -0.06810214  0.00989000
 -0.06797528  0.00988000
 -0.06784993  0.00987000
 -0.06772604  0.00986000
 -0.06760359  0.00985000
 -0.06748252  0.00984000
 -0.06736280  0.00983000
 -0.06724437  0.00982000
 -0.06712721  0.00981000
 -0.06701125  0.00980000
 -0.06689648  0.00979000
 -0.06678283  0.00978000
 -0.06667027  0.00977000
 -0.06655875  0.00976000
 -0.06644824  0.00975000
 -0.06633868  0.00974000
 -0.06623005  0.00973000
 -0.06612229  0.00972000
 -0.06601536  0.00971000
 -0.06590922  0.00970000
 -0.06580383  0.00969000
 -0.06569915  0.00968000
 -0.06559513  0.00967000
 -0.06549172  0.00966000
 -0.06538890  0.00965000
 -0.06528661  0.00964000
 -0.06518481  0.00963000
 -0.06508349  0.00962000
 -0.06498264  0.00961000
 -0.06488225  0.00960000
 -0.06478233  0.00959000
 -0.06468286  0.00958000
 -0.06458385  0.00957000
 -0.06448528  0.00956000
 -0.06438716  0.00955000
 -0.06428947  0.00954000
 -0.06419221  0.00953000
 -0.06409539  0.00952000
 -0.06399899  0.00951000
 -0.06390300  0.00950000
 -0.06380743  0.00949000
 -0.06371228  0.00948000
 -0.06361752  0.00947000
 -0.06352317  0.00946000
 -0.06342921  0.00945000
 -0.06333564  0.00944000
 -0.06324246  0.00943000
 -0.06314966  0.00942000
 -0.06305723  0.00941000
 -0.06296518  0.00940000
 -0.06287349  0.00939000
 -0.06278217  0.00938000
 -0.06269121  0.00937000
 -0.06260060  0.00936000
 -0.06251033  0.00935000
 -0.06242041  0.00934000
 -0.06233083  0.00933000
 -0.06224159  0.00932000
 -0.06215267  0.00931000
 -0.06206408  0.00930000
 -0.06197581  0.00929000
 -0.06188785  0.00928000
 -0.06180021  0.00927000
 -0.06171287  0.00926000
 -0.06162584  0.00925000
 -0.06153910  0.00924000
 -0.06145265  0.00923000
 -0.06136649  0.00922000
 -0.06128061  0.00921000
 -0.06119501  0.00920000
 -0.06110968  0.00919000
 -0.06102462  0.00918000
 -0.06093983  0.00917000
 -0.06085529  0.00916000
 -0.06077102  0.00915000
 -0.06068699  0.00914000
 -0.06060322  0.00913000
 -0.06051970  0.00912000
 -0.06043643  0.00911000
 -0.06035340  0.00910000
 -0.06027062  0.00909000
 -0.06018809  0.00908000
 -0.06010579  0.00907000
 -0.06002374  0.00906000
 -0.05994192  0.00905000
 -0.05986034  0.00904000
 -0.05977899  0.00903000
 -0.05969787  0.00902000
 -0.05961699  0.00901000
 -0.05953633  0.00900000
 -0.05945590  0.00899000
 -0.05937569  0.00898000
 -0.05929570  0.00897000
 -0.05921594  0.00896000
 -0.05913639  0.00895000
 -0.05905706  0.00894000
 -0.05897795  0.00893000
 -0.05889905  0.00892000
 -0.05882036  0.00891000
 -0.05874188  0.00890000
 -0.05866361  0.00889000
 -0.05858554  0.00888000
 -0.05850768  0.00887000
 -0.05843002  0.00886000
 -0.05835255  0.00885000
 -0.05827529  0.00884000
 -0.05819822  0.00883000
 -0.05812135  0.00882000
 -0.05804467  0.00881000
 -0.05796818  0.00880000
 -0.05789187  0.00879000
 -0.05781576  0.00878000
 -0.05773983  0.00877000
 -0.05766408  0.00876000
 -0.05758851  0.00875000
 -0.05751313  0.00874000
 -0.05743791  0.00873000
 -0.05736288  0.00872000
 -0.05728802  0.00871000
 -0.05721333  0.00870000
 -0.05713881  0.00869000
 -0.05706446  0.00868000
 -0.05699027  0.00867000
 -0.05691625  0.00866000
 -0.05684239  0.00865000
 -0.05676869  0.00864000
 -0.05669514  0.00863000
 -0.05662176  0.00862000
 -0.05654853  0.00861000
 -0.05647545  0.00860000
 -0.05640252  0.00859000
 -0.05632975  0.00858000
 -0.05625712  0.00857000
 -0.05618463  0.00856000
 -0.05611229  0.00855000
 -0.05604009  0.00854000
 -0.05596804  0.00853000
 -0.05589612  0.00852000
 -0.05582435  0.00851000
 -0.05575271  0.00850000
 -0.05568121  0.00849000
 -0.05560984  0.00848000
 -0.05553861  0.00847000
 -0.05546751  0.00846000
 -0.05539654  0.00845000
 -0.05532570  0.00844000
 -0.05525499  0.00843000
 -0.05518440  0.00842000
 -0.05511394  0.00841000
 -0.05504361  0.00840000
 -0.05497340  0.00839000
 -0.05490331  0.00838000
 -0.05483334  0.00837000
 -0.05476350  0.00836000
 -0.05469376  0.00835000
 -0.05462415  0.00834000
 -0.05455465  0.00833000
 -0.05448527  0.00832000
 -0.05441599  0.00831000
 -0.05434683  0.00830000
 -0.05427778  0.00829000
 -0.05420884  0.00828000
 -0.05414000  0.00827000
 -0.05407127  0.00826000
 -0.05400264  0.00825000
 -0.05393412  0.00824000
 -0.05386570  0.00823000
 -0.05379738  0.00822000
 -0.05372916  0.00821000
 -0.05366104  0.00820000
 -0.05359301  0.00819000
 -0.05352508  0.00818000
 -0.05345725  0.00817000
 -0.05338950  0.00816000
 -0.05332185  0.00815000
 -0.05325429  0.00814000
 -0.05318681  0.00813000
 -0.05311942  0.00812000
 -0.05305212  0.00811000
 -0.05298491  0.00810000
 -0.05291777  0.00809000
 -0.05285072  0.00808000
 -0.05278375  0.00807000
 -0.05271686  0.00806000
 -0.05265005  0.00805000
 -0.05258331  0.00804000
 -0.05251665  0.00803000
 -0.05245006  0.00802000
 -0.05238355  0.00801000
 -0.05231711  0.00800000
 -0.05225073  0.00799000
 -0.05218443  0.00798000
 -0.05211819  0.00797000
 -0.05205202  0.00796000
 -0.05198592  0.00795000
 -0.05191987  0.00794000
 -0.05185389  0.00793000
 -0.05178797  0.00792000
 -0.05172211  0.00791000
 -0.05165631  0.00790000
 -0.05159056  0.00789000
 -0.05152487  0.00788000
 -0.05145924  0.00787000
 -0.05139365  0.00786000
 -0.05132812  0.00785000
 -0.05126265  0.00784000
 -0.05119722  0.00783000
 -0.05113186  0.00782000
 -0.05106654  0.00781000
 -0.05100128  0.00780000
 -0.05093607  0.00779000
 -0.05087092  0.00778000
 -0.05080581  0.00777000
 -0.05074077  0.00776000
 -0.05067577  0.00775000
 -0.05061083  0.00774000
 -0.05054595  0.00773000
 -0.05048111  0.00772000
 -0.05041633  0.00771000
 -0.05035161  0.00770000
 -0.05028693  0.00769000
 -0.05022231  0.00768000
 -0.05015775  0.00767000
 -0.05009324  0.00766000
 -0.05002878  0.00765000
 -0.04996437  0.00764000
 -0.04990002  0.00763000
 -0.04983573  0.00762000
 -0.04977148  0.00761000
 -0.04970729  0.00760000
 -0.04964316  0.00759000
 -0.04957907  0.00758000
 -0.04951504  0.00757000
 -0.04945107  0.00756000
 -0.04938715  0.00755000
 -0.04932328  0.00754000
 -0.04925946  0.00753000
 -0.04919570  0.00752000
 -0.04913200  0.00751000
 -0.04906834  0.00750000
 -0.04900474  0.00749000
 -0.04894120  0.00748000
 -0.04887771  0.00747000
 -0.04881427  0.00746000
 -0.04875088  0.00745000
 -0.04868755  0.00744000
 -0.04862427  0.00743000
 -0.04856105  0.00742000
 -0.04849788  0.00741000
 -0.04843477  0.00740000
 -0.04837170  0.00739000
 -0.04830870  0.00738000
 -0.04824574  0.00737000
 -0.04818284  0.00736000
 -0.04811999  0.00735000
 -0.04805720  0.00734000
 -0.04799446  0.00733000
 -0.04793178  0.00732000
 -0.04786914  0.00731000
 -0.04780657  0.00730000
 -0.04774404  0.00729000
 -0.04768157  0.00728000
 -0.04761916  0.00727000
 -0.04755679  0.00726000
 -0.04749449  0.00725000
 -0.04743223  0.00724000
 -0.04737003  0.00723000
 -0.04730788  0.00722000
 -0.04724579  0.00721000
 -0.04718375  0.00720000
 -0.04712177  0.00719000
 -0.04705984  0.00718000
 -0.04699796  0.00717000
 -0.04693614  0.00716000
 -0.04687436  0.00715000
 -0.04681265  0.00714000
 -0.04675098  0.00713000
 -0.04668937  0.00712000
 -0.04662781  0.00711000
 -0.04656629  0.00710000
 -0.04650483  0.00709000
 -0.04644342  0.00708000
 -0.04638205  0.00707000
 -0.04632074  0.00706000
 -0.04625947  0.00705000
 -0.04619824  0.00704000
 -0.04613707  0.00703000
 -0.04607594  0.00702000
 -0.04601485  0.00701000
 -0.04595381  0.00700000
 -0.04589282  0.00699000
 -0.04583186  0.00698000
 -0.04577095  0.00697000
 -0.04571009  0.00696000
 -0.04564926  0.00695000
 -0.04558847  0.00694000
 -0.04552773  0.00693000
 -0.04546702  0.00692000
 -0.04540636  0.00691000
 -0.04534573  0.00690000
 -0.04528515  0.00689000
 -0.04522459  0.00688000
 -0.04516408  0.00687000
 -0.04510360  0.00686000
 -0.04504316  0.00685000
 -0.04498276  0.00684000
 -0.04492239  0.00683000
 -0.04486205  0.00682000
 -0.04480175  0.00681000
 -0.04474148  0.00680000
 -0.04468124  0.00679000
 -0.04462103  0.00678000
 -0.04456086  0.00677000
 -0.04450071  0.00676000
 -0.04444060  0.00675000
 -0.04438051  0.00674000
 -0.04432046  0.00673000
 -0.04426043  0.00672000
 -0.04420043  0.00671000
 -0.04414046  0.00670000
 -0.04408051  0.00669000
 -0.04402060  0.00668000
 -0.04396070  0.00667000
 -0.04390083  0.00666000
 -0.04384099  0.00665000
 -0.04378117  0.00664000
 -0.04372137  0.00663000
 -0.04366159  0.00662000
 -0.04360184  0.00661000
 -0.04354211  0.00660000
 -0.04348240  0.00659000
 -0.04342270  0.00658000
 -0.04336303  0.00657000
 -0.04330338  0.00656000
 -0.04324375  0.00655000
 -0.04318413  0.00654000
 -0.04312453  0.00653000
 -0.04306495  0.00652000
 -0.04300539  0.00651000
 -0.04294584  0.00650000
 -0.04288630  0.00649000
 -0.04282678  0.00648000
 -0.04276727  0.00647000
 -0.04270778  0.00646000
 -0.04264830  0.00645000
 -0.04258883  0.00644000
 -0.04252938  0.00643000
 -0.04246993  0.00642000
 -0.04241049  0.00641000
 -0.04235107  0.00640000
 -0.04229165  0.00639000
 -0.04223224  0.00638000
 -0.04217284  0.00637000
 -0.04211345  0.00636000
 -0.04205407  0.00635000
 -0.04199469  0.00634000
 -0.04193531  0.00633000
 -0.04187595  0.00632000
 -0.04181659  0.00631000
 -0.04175723  0.00630000
 -0.04169788  0.00629000
 -0.04163854  0.00628000
 -0.04157920  0.00627000
 -0.04151987  0.00626000
 -0.04146055  0.00625000
 -0.04140122  0.00624000
 -0.04134191  0.00623000
 -0.04128260  0.00622000
 -0.04122329  0.00621000
 -0.04116399  0.00620000
 -0.04110470  0.00619000
 -0.04104541  0.00618000
 -0.04098612  0.00617000
 -0.04092684  0.00616000
 -0.04086757  0.00615000
 -0.04080830  0.00614000
 -0.04074903  0.00613000
 -0.04068977  0.00612000
 -0.04063051  0.00611000
 -0.04057126  0.00610000
 -0.04051201  0.00609000
 -0.04045276  0.00608000
 -0.04039352  0.00607000
 -0.04033428  0.00606000
 -0.04027505  0.00605000
 -0.04021582  0.00604000
 -0.04015659  0.00603000
 -0.04009737  0.00602000
 -0.04003815  0.00601000
 -0.03997893  0.00600000
 -0.03991972  0.00599000
 -0.03986051  0.00598000
 -0.03980131  0.00597000
 -0.03974210  0.00596000
 -0.03968290  0.00595000
 -0.03962371  0.00594000
 -0.03956451  0.00593000
 -0.03950532  0.00592000
 -0.03944613  0.00591000
 -0.03938694  0.00590000
 -0.03932776  0.00589000
 -0.03926858  0.00588000
 -0.03920940  0.00587000
 -0.03915022  0.00586000
 -0.03909105  0.00585000
 -0.03903187  0.00584000
 -0.03897270  0.00583000
 -0.03891353  0.00582000
 -0.03885437  0.00581000
 -0.03879520  0.00580000
 -0.03873604  0.00579000
 -0.03867687  0.00578000
 -0.03861771  0.00577000
 -0.03855855  0.00576000
 -0.03849939  0.00575000
 -0.03844024  0.00574000
 -0.03838108  0.00573000
 -0.03832192  0.00572000
 -0.03826277  0.00571000
 -0.03820362  0.00570000
 -0.03814446  0.00569000
 -0.03808531  0.00568000
 -0.03802616  0.00567000
 -0.03796701  0.00566000
 -0.03790786  0.00565000
 -0.03784871  0.00564000
 -0.03778956  0.00563000
 -0.03773041  0.00562000
 -0.03767126  0.00561000
 -0.03761210  0.00560000
 -0.03755295  0.00559000
 -0.03749379  0.00558000
 -0.03743463  0.00557000
 -0.03737546  0.00556000
 -0.03731629  0.00555000
 -0.03725712  0.00554000
 -0.03719794  0.00553000
 -0.03713875  0.00552000
 -0.03707956  0.00551000
 -0.03702036  0.00550000
 -0.03696115  0.00549000
 -0.03690193  0.00548000
 -0.03684271  0.00547000
 -0.03678347  0.00546000
 -0.03672423  0.00545000
 -0.03666497  0.00544000
 -0.03660571  0.00543000
 -0.03654643  0.00542000
 -0.03648714  0.00541000
 -0.03642783  0.00540000
 -0.03636852  0.00539000
 -0.03630919  0.00538000
 -0.03624984  0.00537000
 -0.03619048  0.00536000
 -0.03613110  0.00535000
 -0.03607171  0.00534000
 -0.03601230  0.00533000
 -0.03595288  0.00532000
 -0.03589343  0.00531000
 -0.03583397  0.00530000
 -0.03577449  0.00529000
 -0.03571499  0.00528000
 -0.03565547  0.00527000
 -0.03559593  0.00526000
 -0.03553636  0.00525000
 -0.03547678  0.00524000
 -0.03541717  0.00523000
 -0.03535754  0.00522000
 -0.03529789  0.00521000
 -0.03523821  0.00520000
 -0.03517851  0.00519000
 -0.03511878  0.00518000
 -0.03505903  0.00517000
 -0.03499925  0.00516000
 -0.03493944  0.00515000
 -0.03487961  0.00514000
 -0.03481975  0.00513000
 -0.03475986  0.00512000
 -0.03469994  0.00511000
 -0.03464000  0.00510000
 -0.03458002  0.00509000
 -0.03452001  0.00508000
 -0.03445997  0.00507000
 -0.03439990  0.00506000
 -0.03433979  0.00505000
 -0.03427965  0.00504000
 -0.03421948  0.00503000
 -0.03415928  0.00502000
 -0.03409904  0.00501000
 -0.03403876  0.00500000
 -0.03397845  0.00499000
 -0.03391811  0.00498000
 -0.03385772  0.00497000
 -0.03379730  0.00496000
 -0.03373684  0.00495000
 -0.03367635  0.00494000
 -0.03361581  0.00493000
 -0.03355523  0.00492000
 -0.03349462  0.00491000
 -0.03343396  0.00490000
 -0.03337326  0.00489000
 -0.03331252  0.00488000
 -0.03325174  0.00487000
 -0.03319091  0.00486000
 -0.03313004  0.00485000
 -0.03306913  0.00484000
 -0.03300817  0.00483000
 -0.03294717  0.00482000
 -0.03288612  0.00481000
 -0.03282502  0.00480000
 -0.03276388  0.00479000
 -0.03270270  0.00478000
 -0.03264146  0.00477000
 -0.03258019  0.00476000
 -0.03251886  0.00475000
 -0.03245749  0.00474000
 -0.03239608  0.00473000
 -0.03233462  0.00472000
 -0.03227311  0.00471000
 -0.03221156  0.00470000
 -0.03214996  0.00469000
 -0.03208832  0.00468000
 -0.03202663  0.00467000
 -0.03196489  0.00466000
 -0.03190311  0.00465000
 -0.03184128  0.00464000
 -0.03177941  0.00463000
 -0.03171749  0.00462000
 -0.03165552  0.00461000
 -0.03159351  0.00460000
 -0.03153146  0.00459000
 -0.03146935  0.00458000
 -0.03140720  0.00457000
 -0.03134501  0.00456000
 -0.03128277  0.00455000
 -0.03122048  0.00454000
 -0.03115815  0.00453000
 -0.03109577  0.00452000
 -0.03103335  0.00451000
 -0.03097087  0.00450000
 -0.03090836  0.00449000
 -0.03084579  0.00448000
 -0.03078319  0.00447000
 -0.03072053  0.00446000
 -0.03065783  0.00445000
 -0.03059508  0.00444000
 -0.03053229  0.00443000
 -0.03046945  0.00442000
 -0.03040656  0.00441000
 -0.03034363  0.00440000
 -0.03028065  0.00439000
 -0.03021763  0.00438000
 -0.03015456  0.00437000
 -0.03009144  0.00436000
 -0.03002828  0.00435000
 -0.02996507  0.00434000
 -0.02990181  0.00433000
 -0.02983851  0.00432000
 -0.02977516  0.00431000
 -0.02971177  0.00430000
 -0.02964833  0.00429000
 -0.02958484  0.00428000
 -0.02952131  0.00427000
 -0.02945773  0.00426000
 -0.02939410  0.00425000
 -0.02933043  0.00424000
 -0.02926671  0.00423000
 -0.02920295  0.00422000
 -0.02913914  0.00421000
 -0.02907528  0.00420000
 -0.02901137  0.00419000
 -0.02894742  0.00418000
 -0.02888343  0.00417000
 -0.02881938  0.00416000
 -0.02875529  0.00415000
 -0.02869116  0.00414000
 -0.02862697  0.00413000
 -0.02856274  0.00412000
 -0.02849847  0.00411000
 -0.02843415  0.00410000
 -0.02836977  0.00409000
 -0.02830535  0.00408000
 -0.02824088  0.00407000
 -0.02817636  0.00406000
 -0.02811178  0.00405000
 -0.02804715  0.00404000
 -0.02798247  0.00403000
 -0.02791773  0.00402000
 -0.02785294  0.00401000
 -0.02778808  0.00400000
 -0.02772317  0.00399000
 -0.02765820  0.00398000
 -0.02759317  0.00397000
 -0.02752807  0.00396000
 -0.02746292  0.00395000
 -0.02739770  0.00394000
 -0.02733241  0.00393000
 -0.02726706  0.00392000
 -0.02720164  0.00391000
 -0.02713616  0.00390000
 -0.02707060  0.00389000
 -0.02700498  0.00388000
 -0.02693929  0.00387000
 -0.02687352  0.00386000
 -0.02680768  0.00385000
 -0.02674176  0.00384000
 -0.02667578  0.00383000
 -0.02660971  0.00382000
 -0.02654357  0.00381000
 -0.02647735  0.00380000
 -0.02641105  0.00379000
 -0.02634467  0.00378000
 -0.02627821  0.00377000
 -0.02621167  0.00376000
 -0.02614504  0.00375000
 -0.02607833  0.00374000
 -0.02601154  0.00373000
 -0.02594465  0.00372000
 -0.02587768  0.00371000
 -0.02581063  0.00370000
 -0.02574348  0.00369000
 -0.02567624  0.00368000
 -0.02560891  0.00367000
 -0.02554149  0.00366000
 -0.02547398  0.00365000
 -0.02540637  0.00364000
 -0.02533867  0.00363000
 -0.02527087  0.00362000
 -0.02520297  0.00361000
 -0.02513497  0.00360000
 -0.02506687  0.00359000
 -0.02499868  0.00358000
 -0.02493038  0.00357000
 -0.02486197  0.00356000
 -0.02479347  0.00355000
 -0.02472486  0.00354000
 -0.02465614  0.00353000
 -0.02458732  0.00352000
 -0.02451839  0.00351000
 -0.02444935  0.00350000
 -0.02438020  0.00349000
 -0.02431094  0.00348000
 -0.02424157  0.00347000
 -0.02417208  0.00346000
 -0.02410248  0.00345000
 -0.02403277  0.00344000
 -0.02396294  0.00343000
 -0.02389299  0.00342000
 -0.02382293  0.00341000
 -0.02375274  0.00340000
 -0.02368244  0.00339000
 -0.02361201  0.00338000
 -0.02354145  0.00337000
 -0.02347077  0.00336000
 -0.02339996  0.00335000
 -0.02332901  0.00334000
 -0.02325793  0.00333000
 -0.02318672  0.00332000
 -0.02311536  0.00331000
 -0.02304387  0.00330000
 -0.02297223  0.00329000
 -0.02290045  0.00328000
 -0.02282852  0.00327000
 -0.02275644  0.00326000
 -0.02268421  0.00325000
 -0.02261183  0.00324000
 -0.02253930  0.00323000
 -0.02246660  0.00322000
 -0.02239375  0.00321000
 -0.02232074  0.00320000
 -0.02224756  0.00319000
 -0.02217422  0.00318000
 -0.02210071  0.00317000
 -0.02202703  0.00316000
 -0.02195317  0.00315000
 -0.02187915  0.00314000
 -0.02180495  0.00313000
 -0.02173057  0.00312000
 -0.02165600  0.00311000
 -0.02158126  0.00310000
 -0.02150633  0.00309000
 -0.02143122  0.00308000
 -0.02135592  0.00307000
 -0.02128043  0.00306000
 -0.02120474  0.00305000
 -0.02112886  0.00304000
 -0.02105278  0.00303000
 -0.02097650  0.00302000
 -0.02090003  0.00301000
 -0.02082334  0.00300000
 -0.02074646  0.00299000
 -0.02066936  0.00298000
 -0.02059206  0.00297000
 -0.02051454  0.00296000
 -0.02043682  0.00295000
 -0.02035887  0.00294000
 -0.02028071  0.00293000
 -0.02020232  0.00292000
 -0.02012372  0.00291000
 -0.02004489  0.00290000
 -0.01996583  0.00289000
 -0.01988655  0.00288000
 -0.01980704  0.00287000
 -0.01972729  0.00286000
 -0.01964731  0.00285000
 -0.01956709  0.00284000
 -0.01948663  0.00283000
 -0.01940593  0.00282000
 -0.01932499  0.00281000
 -0.01924380  0.00280000
 -0.01916237  0.00279000
 -0.01908068  0.00278000
 -0.01899875  0.00277000
 -0.01891656  0.00276000
 -0.01883412  0.00275000
 -0.01875141  0.00274000
 -0.01866845  0.00273000
 -0.01858523  0.00272000
 -0.01850174  0.00271000
 -0.01841798  0.00270000
 -0.01833396  0.00269000
 -0.01824965  0.00268000
 -0.01816507  0.00267000
 -0.01808020  0.00266000
 -0.01799505  0.00265000
 -0.01790961  0.00264000
 -0.01782387  0.00263000
 -0.01773784  0.00262000
 -0.01765151  0.00261000
 -0.01756487  0.00260000
 -0.01747792  0.00259000
 -0.01739066  0.00258000
 -0.01730309  0.00257000
 -0.01721519  0.00256000
 -0.01712698  0.00255000
 -0.01703843  0.00254000
 -0.01694956  0.00253000
 -0.01686035  0.00252000
 -0.01677081  0.00251000
 -0.01668092  0.00250000
 -0.01659069  0.00249000
 -0.01650011  0.00248000
 -0.01640918  0.00247000
 -0.01631790  0.00246000
 -0.01622625  0.00245000
 -0.01613424  0.00244000
 -0.01604186  0.00243000
 -0.01594912  0.00242000
 -0.01585600  0.00241000
 -0.01576250  0.00240000
 -0.01566862  0.00239000
 -0.01557436  0.00238000
 -0.01547970  0.00237000
 -0.01538466  0.00236000
 -0.01528922  0.00235000
 -0.01519338  0.00234000
 -0.01509713  0.00233000
 -0.01500048  0.00232000
 -0.01490342  0.00231000
 -0.01480594  0.00230000
 -0.01470805  0.00229000
 -0.01460974  0.00228000
 -0.01451100  0.00227000
 -0.01441183  0.00226000
 -0.01431223  0.00225000
 -0.01421219  0.00224000
 -0.01411171  0.00223000
 -0.01401075  0.00222000
 -0.01390928  0.00221000
 -0.01380725  0.00220000
 -0.01370464  0.00219000
 -0.01360139  0.00218000
 -0.01349748  0.00217000
 -0.01339286  0.00216000
 -0.01328750  0.00215000
 -0.01318135  0.00214000
 -0.01307438  0.00213000
 -0.01296655  0.00212000
 -0.01285782  0.00211000
 -0.01274815  0.00210000
 -0.01263751  0.00209000
 -0.01252585  0.00208000
 -0.01241314  0.00207000
 -0.01229934  0.00206000
 -0.01218440  0.00205000
 -0.01206831  0.00204000
 -0.01195100  0.00203000
 -0.01183245  0.00202000
 -0.01171261  0.00201000
 -0.01159146  0.00200000
 -0.01146894  0.00199000
 -0.01134502  0.00198000
 -0.01121967  0.00197000
 -0.01109284  0.00196000
 -0.01096449  0.00195000
 -0.01083460  0.00194000
 -0.01070311  0.00193000
 -0.01056999  0.00192000
 -0.01043520  0.00191000
 -0.01029871  0.00190000
 -0.01016047  0.00189000
 -0.01002044  0.00188000
 -0.00987853  0.00187000
 -0.00973463  0.00186000
 -0.00958861  0.00185000
 -0.00944036  0.00184000
 -0.00928975  0.00183000
 -0.00913667  0.00182000
 -0.00898100  0.00181000
 -0.00882262  0.00180000
 -0.00866141  0.00179000
 -0.00849725  0.00178000
 -0.00833003  0.00177000
 -0.00815962  0.00176000
 -0.00798591  0.00175000
 -0.00780878  0.00174000
 -0.00762811  0.00173000
 -0.00744378  0.00172000
 -0.00725567  0.00171000
 -0.00706366  0.00170000
 -0.00686764  0.00169000
 -0.00666749  0.00168000
 -0.00646308  0.00167000
 -0.00625430  0.00166000
 -0.00604104  0.00165000
 -0.00582316  0.00164000
 -0.00560055  0.00163000
 -0.00537310  0.00162000
 -0.00514069  0.00161000
 -0.00490319  0.00160000
 -0.00466048  0.00159000
 -0.00441246  0.00158000
 -0.00415900  0.00157000
 -0.00389998  0.00156000
 -0.00363528  0.00155000
 -0.00336479  0.00154000
 -0.00308853  0.00153000
 -0.00281040  0.00152000
 -0.00253834  0.00151000
 -0.00228052  0.00150000
  0.00000000  0.00150000
