 -0.09130000  0.03799000
 -0.05006968  0.03799000
 -0.04980910  0.03798000
 -0.04955726  0.03797000
 -0.04931398  0.03796000
 -0.04907910  0.03795000
 -0.04885246  0.03794000
 -0.04863390  0.03793000
 -0.04842324  0.03792000
 -0.04822031  0.03791000
 -0.04802497  0.03790000
 -0.04783703  0.03789000
 -0.04765634  0.03788000
 -0.04748272  0.03787000
 -0.04731602  0.03786000
 -0.04715606  0.03785000
 -0.04700269  0.03784000
 -0.04685573  0.03783000
 -0.04671502  0.03782000
 -0.04658040  0.03781000
 -0.04645169  0.03780000
 -0.04632874  0.03779000
 -0.04621138  0.03778000
 -0.04609944  0.03777000
 -0.04599276  0.03776000
 -0.04589117  0.03775000
 -0.04579450  0.03774000
 -0.04570260  0.03773000
 -0.04561529  0.03772000
 -0.04553241  0.03771000
 -0.04545379  0.03770000
 -0.04537927  0.03769000
 -0.04530868  0.03768000
 -0.04524186  0.03767000
 -0.04517865  0.03766000
 -0.04511886  0.03765000
 -0.04506235  0.03764000
 -0.04500895  0.03763000
 -0.04495848  0.03762000
 -0.04491079  0.03761000
 -0.04486570  0.03760000
 -0.04482306  0.03759000
 -0.04478269  0.03758000
 -0.04474444  0.03757000
 -0.04470813  0.03756000
 -0.04467360  0.03755000
 -0.04464069  0.03754000
 -0.04460923  0.03753000
 -0.04457905  0.03752000
 -0.04454998  0.03751000
 -0.04452188  0.03750000
 -0.04449455  0.03749000
 -0.04446785  0.03748000
 -0.04444161  0.03747000
 -0.04441566  0.03746000
 -0.04438983  0.03745000
 -0.04436400  0.03744000
 -0.04433815  0.03743000
 -0.04431228  0.03742000
 -0.04428640  0.03741000
 -0.04426051  0.03740000
 -0.04423459  0.03739000
 -0.04420867  0.03738000
 -0.04418273  0.03737000
 -0.04415679  0.03736000
 -0.04413083  0.03735000
 -0.04410487  0.03734000
 -0.04407889  0.03733000
 -0.04405292  0.03732000
 -0.04402693  0.03731000
 -0.04400095  0.03730000
 -0.04397496  0.03729000
 -0.04394897  0.03728000
 -0.04392298  0.03727000
 -0.04389699  0.03726000
 -0.04387100  0.03725000
 -0.04384502  0.03724000
 -0.04381904  0.03723000
 -0.04379306  0.03722000
 -0.04376709  0.03721000
 -0.04374113  0.03720000
 -0.04371518  0.03719000
 -0.04368924  0.03718000
 -0.04366331  0.03717000
 -0.04363739  0.03716000
 -0.04361149  0.03715000
 -0.04358560  0.03714000
 -0.04355973  0.03713000
 -0.04353387  0.03712000
 -0.04350803  0.03711000
 -0.04348221  0.03710000
 -0.04345641  0.03709000
 -0.04343064  0.03708000
 -0.04340488  0.03707000
 -0.04337915  0.03706000
 -0.04335345  0.03705000
 -0.04332777  0.03704000
 -0.04330211  0.03703000
 -0.04327649  0.03702000
 -0.04325090  0.03701000
 -0.04322533  0.03700000
 -0.04319980  0.03699000
 -0.04317430  0.03698000
 -0.04314884  0.03697000
 -0.04312341  0.03696000
 -0.04309802  0.03695000
 -0.04307266  0.03694000
 -0.04304735  0.03693000
 -0.04302207  0.03692000
 -0.04299684  0.03691000
 -0.04297164  0.03690000
 -0.04294649  0.03689000
 -0.04292139  0.03688000
 -0.04289633  0.03687000
 -0.04287132  0.03686000
 -0.04284635  0.03685000
 -0.04282144  0.03684000
 -0.04279657  0.03683000
 -0.04277176  0.03682000
 -0.04274700  0.03681000
 -0.04272229  0.03680000
 -0.04269764  0.03679000
 -0.04267304  0.03678000
 -0.04264850  0.03677000
 -0.04262402  0.03676000
 -0.04259960  0.03675000
 -0.04257524  0.03674000
 -0.04255094  0.03673000
 -0.04252670  0.03672000
 -0.04250253  0.03671000
 -0.04247842  0.03670000
 -0.04245438  0.03669000
 -0.04243041  0.03668000
 -0.04240651  0.03667000
 -0.04238267  0.03666000
 -0.04235891  0.03665000
 -0.04233522  0.03664000
 -0.04231160  0.03663000
 -0.04228805  0.03662000
 -0.04226458  0.03661000
 -0.04224119  0.03660000
 -0.04221788  0.03659000
 -0.04219464  0.03658000
 -0.04217149  0.03657000
 -0.04214842  0.03656000
 -0.04212542  0.03655000
 -0.04210252  0.03654000
 -0.04207969  0.03653000
 -0.04205696  0.03652000
 -0.04203431  0.03651000
 -0.04201175  0.03650000
 -0.04198927  0.03649000
 -0.04196689  0.03648000
 -0.04194460  0.03647000
 -0.04192239  0.03646000
 -0.04190027  0.03645000
 -0.04187824  0.03644000
 -0.04185629  0.03643000
 -0.04183443  0.03642000
 -0.04181265  0.03641000
 -0.04179096  0.03640000
 -0.04176935  0.03639000
 -0.04174783  0.03638000
 -0.04172639  0.03637000
 -0.04170503  0.03636000
 -0.04168375  0.03635000
 -0.04166255  0.03634000
 -0.04164144  0.03633000
 -0.04162040  0.03632000
 -0.04159945  0.03631000
 -0.04157857  0.03630000
 -0.04155777  0.03629000
 -0.04153705  0.03628000
 -0.04151641  0.03627000
 -0.04149584  0.03626000
 -0.04147535  0.03625000
 -0.04145493  0.03624000
 -0.04143459  0.03623000
 -0.04141433  0.03622000
 -0.04139414  0.03621000
 -0.04137402  0.03620000
 -0.04135397  0.03619000
 -0.04133400  0.03618000
 -0.04131409  0.03617000
 -0.04129426  0.03616000
 -0.04127450  0.03615000
 -0.04125481  0.03614000
 -0.04123519  0.03613000
 -0.04121564  0.03612000
 -0.04119615  0.03611000
 -0.04117674  0.03610000
 -0.04115739  0.03609000
 -0.04113810  0.03608000
 -0.04111889  0.03607000
 -0.04109973  0.03606000
 -0.04108065  0.03605000
 -0.04106162  0.03604000
 -0.04104267  0.03603000
 -0.04102377  0.03602000
 -0.04100494  0.03601000
 -0.04098617  0.03600000
 -0.04096746  0.03599000
 -0.04094881  0.03598000
 -0.04093022  0.03597000
 -0.04091169  0.03596000
 -0.04089322  0.03595000
 -0.04087481  0.03594000
 -0.04085646  0.03593000
 -0.04083816  0.03592000
 -0.04081993  0.03591000
 -0.04080174  0.03590000
 -0.04078362  0.03589000
 -0.04076555  0.03588000
 -0.04074753  0.03587000
 -0.04072957  0.03586000
 -0.04071166  0.03585000
 -0.04069381  0.03584000
 -0.04067601  0.03583000
 -0.04065826  0.03582000
 -0.04064056  0.03581000
 -0.04062291  0.03580000
 -0.04060531  0.03579000
 -0.04058776  0.03578000
 -0.04057027  0.03577000
 -0.04055282  0.03576000
 -0.04053541  0.03575000
 -0.04051806  0.03574000
 -0.04050075  0.03573000
 -0.04048349  0.03572000
 -0.04046627  0.03571000
 -0.04044910  0.03570000
 -0.04043198  0.03569000
 -0.04041489  0.03568000
 -0.04039785  0.03567000
 -0.04038086  0.03566000
 -0.04036391  0.03565000
 -0.04034699  0.03564000
 -0.04033012  0.03563000
 -0.04031329  0.03562000
 -0.04029650  0.03561000
 -0.04027975  0.03560000
 -0.04026304  0.03559000
 -0.04024637  0.03558000
 -0.04022974  0.03557000
 -0.04021314  0.03556000
 -0.04019658  0.03555000
 -0.04018006  0.03554000
 -0.04016357  0.03553000
 -0.04014711  0.03552000
 -0.04013069  0.03551000
 -0.04011431  0.03550000
 -0.04009796  0.03549000
 -0.04008164  0.03548000
 -0.04006535  0.03547000
 -0.04004910  0.03546000
 -0.04003287  0.03545000
 -0.04001668  0.03544000
 -0.04000052  0.03543000
 -0.03998438  0.03542000
 -0.03996828  0.03541000
 -0.03995220  0.03540000
 -0.03993615  0.03539000
 -0.03992013  0.03538000
 -0.03990414  0.03537000
 -0.03988817  0.03536000
 -0.03987223  0.03535000
 -0.03985631  0.03534000
 -0.03984041  0.03533000
 -0.03982454  0.03532000
 -0.03980870  0.03531000
 -0.03979287  0.03530000
 -0.03977707  0.03529000
 -0.03976129  0.03528000
 -0.03974553  0.03527000
 -0.03972979  0.03526000
 -0.03971407  0.03525000
 -0.03969837  0.03524000
 -0.03968269  0.03523000
 -0.03966703  0.03522000
 -0.03965139  0.03521000
 -0.03963576  0.03520000
 -0.03962015  0.03519000
 -0.03960455  0.03518000
 -0.03958897  0.03517000
 -0.03957341  0.03516000
 -0.03955786  0.03515000
 -0.03954232  0.03514000
 -0.03952680  0.03513000
 -0.03951128  0.03512000
 -0.03949578  0.03511000
 -0.03948030  0.03510000
 -0.03946482  0.03509000
 -0.03944935  0.03508000
 -0.03943390  0.03507000
 -0.03941845  0.03506000
 -0.03940301  0.03505000
 -0.03938758  0.03504000
 -0.03937216  0.03503000
 -0.03935675  0.03502000
 -0.03934135  0.03501000
 -0.03932596  0.03500000
 -0.03931058  0.03499000
 -0.03929520  0.03498000
 -0.03927984  0.03497000
 -0.03926449  0.03496000
 -0.03924914  0.03495000
 -0.03923381  0.03494000
 -0.03921848  0.03493000
 -0.03920317  0.03492000
 -0.03918786  0.03491000
 -0.03917256  0.03490000
 -0.03915728  0.03489000
 -0.03914200  0.03488000
 -0.03912673  0.03487000
 -0.03911148  0.03486000
 -0.03909623  0.03485000
 -0.03908099  0.03484000
 -0.03906577  0.03483000
 -0.03905055  0.03482000
 -0.03903534  0.03481000
 -0.03902015  0.03480000
 -0.03900496  0.03479000
 -0.03898978  0.03478000
 -0.03897462  0.03477000
 -0.03895946  0.03476000
 -0.03894431  0.03475000
 -0.03892918  0.03474000
 -0.03891405  0.03473000
 -0.03889894  0.03472000
 -0.03888383  0.03471000
 -0.03886874  0.03470000
 -0.03885365  0.03469000
 -0.03883858  0.03468000
 -0.03882352  0.03467000
 -0.03880846  0.03466000
 -0.03879342  0.03465000
 -0.03877839  0.03464000
 -0.03876337  0.03463000
 -0.03874836  0.03462000
 -0.03873336  0.03461000
 -0.03871837  0.03460000
 -0.03870339  0.03459000
 -0.03868843  0.03458000
 -0.03867347  0.03457000
 -0.03865852  0.03456000
 -0.03864359  0.03455000
 -0.03862867  0.03454000
 -0.03861375  0.03453000
 -0.03859885  0.03452000
 -0.03858396  0.03451000
 -0.03856908  0.03450000
 -0.03855421  0.03449000
 -0.03853936  0.03448000
 -0.03852451  0.03447000
 -0.03850967  0.03446000
 -0.03849485  0.03445000
 -0.03848004  0.03444000
 -0.03846524  0.03443000
 -0.03845045  0.03442000
 -0.03843567  0.03441000
 -0.03842090  0.03440000
 -0.03840615  0.03439000
 -0.03839140  0.03438000
 -0.03837667  0.03437000
 -0.03836195  0.03436000
 -0.03834724  0.03435000
 -0.03833254  0.03434000
 -0.03831786  0.03433000
 -0.03830318  0.03432000
 -0.03828852  0.03431000
 -0.03827387  0.03430000
 -0.03825923  0.03429000
 -0.03824460  0.03428000
 -0.03822999  0.03427000
 -0.03821538  0.03426000
 -0.03820079  0.03425000
 -0.03818621  0.03424000
 -0.03817164  0.03423000
 -0.03815709  0.03422000
 -0.03814255  0.03421000
 -0.03812801  0.03420000
 -0.03811349  0.03419000
 -0.03809899  0.03418000
 -0.03808449  0.03417000
 -0.03807001  0.03416000
 -0.03805554  0.03415000
 -0.03804108  0.03414000
 -0.03802663  0.03413000
 -0.03801220  0.03412000
 -0.03799778  0.03411000
 -0.03798337  0.03410000
 -0.03796897  0.03409000
 -0.03795459  0.03408000
 -0.03794022  0.03407000
 -0.03792586  0.03406000
 -0.03791151  0.03405000
 -0.03789718  0.03404000
 -0.03788286  0.03403000
 -0.03786855  0.03402000
 -0.03785426  0.03401000
 -0.03783997  0.03400000
 -0.03782570  0.03399000
 -0.03781145  0.03398000
 -0.03779720  0.03397000
 -0.03778297  0.03396000
 -0.03776875  0.03395000
 -0.03775455  0.03394000
 -0.03774036  0.03393000
 -0.03772618  0.03392000
 -0.03771201  0.03391000
 -0.03769786  0.03390000
 -0.03768372  0.03389000
 -0.03766959  0.03388000
 -0.03765548  0.03387000
 -0.03764138  0.03386000
 -0.03762729  0.03385000
 -0.03761322  0.03384000
 -0.03759916  0.03383000
 -0.03758511  0.03382000
 -0.03757108  0.03381000
 -0.03755706  0.03380000
 -0.03754305  0.03379000
 -0.03752906  0.03378000
 -0.03751508  0.03377000
 -0.03750111  0.03376000
 -0.03748716  0.03375000
 -0.03747322  0.03374000
 -0.03745930  0.03373000
 -0.03744538  0.03372000
 -0.03743149  0.03371000
 -0.03741760  0.03370000
 -0.03740373  0.03369000
 -0.03738988  0.03368000
 -0.03737603  0.03367000
 -0.03736221  0.03366000
 -0.03734839  0.03365000
 -0.03733459  0.03364000
 -0.03732080  0.03363000
 -0.03730703  0.03362000
 -0.03729327  0.03361000
 -0.03727953  0.03360000
 -0.03726580  0.03359000
 -0.03725208  0.03358000
 -0.03723838  0.03357000
 -0.03722470  0.03356000
 -0.03721102  0.03355000
 -0.03719736  0.03354000
 -0.03718372  0.03353000
 -0.03717009  0.03352000
 -0.03715647  0.03351000
 -0.03714287  0.03350000
 -0.03712929  0.03349000
 -0.03711572  0.03348000
 -0.03710216  0.03347000
 -0.03708862  0.03346000
 -0.03707509  0.03345000
 -0.03706157  0.03344000
 -0.03704807  0.03343000
 -0.03703459  0.03342000
 -0.03702112  0.03341000
 -0.03700767  0.03340000
 -0.03699423  0.03339000
 -0.03698080  0.03338000
 -0.03696739  0.03337000
 -0.03695400  0.03336000
 -0.03694062  0.03335000
 -0.03692725  0.03334000
 -0.03691390  0.03333000
 -0.03690056  0.03332000
 -0.03688724  0.03331000
 -0.03687393  0.03330000
 -0.03686063  0.03329000
 -0.03684735  0.03328000
 -0.03683408  0.03327000
 -0.03682083  0.03326000
 -0.03680759  0.03325000
 -0.03679437  0.03324000
 -0.03678116  0.03323000
 -0.03676796  0.03322000
 -0.03675478  0.03321000
 -0.03674161  0.03320000
 -0.03672845  0.03319000
 -0.03671531  0.03318000
 -0.03670218  0.03317000
 -0.03668906  0.03316000
 -0.03667596  0.03315000
 -0.03666287  0.03314000
 -0.03664980  0.03313000
 -0.03663673  0.03312000
 -0.03662369  0.03311000
 -0.03661065  0.03310000
 -0.03659763  0.03309000
 -0.03658462  0.03308000
 -0.03657162  0.03307000
 -0.03655863  0.03306000
 -0.03654566  0.03305000
 -0.03653270  0.03304000
 -0.03651975  0.03303000
 -0.03650682  0.03302000
 -0.03649390  0.03301000
 -0.03648099  0.03300000
 -0.03646809  0.03299000
 -0.03645521  0.03298000
 -0.03644234  0.03297000
 -0.03642948  0.03296000
 -0.03641663  0.03295000
 -0.03640379  0.03294000
 -0.03639097  0.03293000
 -0.03637816  0.03292000
 -0.03636536  0.03291000
 -0.03635257  0.03290000
 -0.03633979  0.03289000
 -0.03632703  0.03288000
 -0.03631427  0.03287000
 -0.03630153  0.03286000
 -0.03628880  0.03285000
 -0.03627608  0.03284000
 -0.03626338  0.03283000
 -0.03625068  0.03282000
 -0.03623800  0.03281000
 -0.03622532  0.03280000
 -0.03621266  0.03279000
 -0.03620001  0.03278000
 -0.03618737  0.03277000
 -0.03617474  0.03276000
 -0.03616212  0.03275000
 -0.03614952  0.03274000
 -0.03613692  0.03273000
 -0.03612434  0.03272000
 -0.03611176  0.03271000
 -0.03609920  0.03270000
 -0.03608664  0.03269000
 -0.03607410  0.03268000
 -0.03606157  0.03267000
 -0.03604904  0.03266000
 -0.03603653  0.03265000
 -0.03602403  0.03264000
 -0.03601154  0.03263000
 -0.03599906  0.03262000
 -0.03598659  0.03261000
 -0.03597413  0.03260000
 -0.03596167  0.03259000
 -0.03594923  0.03258000
 -0.03593680  0.03257000
 -0.03592438  0.03256000
 -0.03591197  0.03255000
 -0.03589956  0.03254000
 -0.03588717  0.03253000
 -0.03587479  0.03252000
 -0.03586241  0.03251000
 -0.03585005  0.03250000
 -0.03583769  0.03249000
 -0.03582535  0.03248000
 -0.03581301  0.03247000
 -0.03580068  0.03246000
 -0.03578837  0.03245000
 -0.03577606  0.03244000
 -0.03576376  0.03243000
 -0.03575146  0.03242000
 -0.03573918  0.03241000
 -0.03572691  0.03240000
 -0.03571464  0.03239000
 -0.03570239  0.03238000
 -0.03569014  0.03237000
 -0.03567790  0.03236000
 -0.03566567  0.03235000
 -0.03565345  0.03234000
 -0.03564123  0.03233000
 -0.03562903  0.03232000
 -0.03561683  0.03231000
 -0.03560464  0.03230000
 -0.03559246  0.03229000
 -0.03558028  0.03228000
 -0.03556812  0.03227000
 -0.03555596  0.03226000
 -0.03554381  0.03225000
 -0.03553167  0.03224000
 -0.03551954  0.03223000
 -0.03550741  0.03222000
 -0.03549529  0.03221000
 -0.03548318  0.03220000
 -0.03547108  0.03219000
 -0.03545898  0.03218000
 -0.03544689  0.03217000
 -0.03543481  0.03216000
 -0.03542274  0.03215000
 -0.03541067  0.03214000
 -0.03539861  0.03213000
 -0.03538656  0.03212000
 -0.03537452  0.03211000
 -0.03536248  0.03210000
 -0.03535045  0.03209000
 -0.03533842  0.03208000
 -0.03532640  0.03207000
 -0.03531439  0.03206000
 -0.03530239  0.03205000
 -0.03529039  0.03204000
 -0.03527840  0.03203000
 -0.03526641  0.03202000
 -0.03525444  0.03201000
 -0.03524246  0.03200000
 -0.03523050  0.03199000
 -0.03521854  0.03198000
 -0.03520659  0.03197000
 -0.03519464  0.03196000
 -0.03518270  0.03195000
 -0.03517076  0.03194000
 -0.03515883  0.03193000
 -0.03514691  0.03192000
 -0.03513499  0.03191000
 -0.03512308  0.03190000
 -0.03511117  0.03189000
 -0.03509927  0.03188000
 -0.03508738  0.03187000
 -0.03507549  0.03186000
 -0.03506361  0.03185000
 -0.03505173  0.03184000
 -0.03503985  0.03183000
 -0.03502799  0.03182000
 -0.03501612  0.03181000
 -0.03500427  0.03180000
 -0.03499241  0.03179000
 -0.03498057  0.03178000
 -0.03496872  0.03177000
 -0.03495689  0.03176000
 -0.03494505  0.03175000
 -0.03493322  0.03174000
 -0.03492140  0.03173000
 -0.03490958  0.03172000
 -0.03489777  0.03171000
 -0.03488596  0.03170000
 -0.03487415  0.03169000
 -0.03486235  0.03168000
 -0.03485056  0.03167000
 -0.03483877  0.03166000
 -0.03482698  0.03165000
 -0.03481519  0.03164000
 -0.03480341  0.03163000
 -0.03479164  0.03162000
 -0.03477987  0.03161000
 -0.03476810  0.03160000
 -0.03475634  0.03159000
 -0.03474458  0.03158000
 -0.03473282  0.03157000
 -0.03472107  0.03156000
 -0.03470932  0.03155000
 -0.03469758  0.03154000
 -0.03468583  0.03153000
 -0.03467410  0.03152000
 -0.03466236  0.03151000
 -0.03465063  0.03150000
 -0.03463891  0.03149000
 -0.03462719  0.03148000
 -0.03461547  0.03147000
 -0.03460375  0.03146000
 -0.03459204  0.03145000
 -0.03458034  0.03144000
 -0.03456863  0.03143000
 -0.03455693  0.03142000
 -0.03454524  0.03141000
 -0.03453355  0.03140000
 -0.03452186  0.03139000
 -0.03451017  0.03138000
 -0.03449849  0.03137000
 -0.03448682  0.03136000
 -0.03447514  0.03135000
 -0.03446347  0.03134000
 -0.03445181  0.03133000
 -0.03444015  0.03132000
 -0.03442849  0.03131000
 -0.03441684  0.03130000
 -0.03440519  0.03129000
 -0.03439354  0.03128000
 -0.03438190  0.03127000
 -0.03437026  0.03126000
 -0.03435862  0.03125000
 -0.03434699  0.03124000
 -0.03433536  0.03123000
 -0.03432374  0.03122000
 -0.03431212  0.03121000
 -0.03430050  0.03120000
 -0.03428889  0.03119000
 -0.03427728  0.03118000
 -0.03426568  0.03117000
 -0.03425408  0.03116000
 -0.03424248  0.03115000
 -0.03423088  0.03114000
 -0.03421929  0.03113000
 -0.03420771  0.03112000
 -0.03419613  0.03111000
 -0.03418455  0.03110000
 -0.03417297  0.03109000
 -0.03416140  0.03108000
 -0.03414983  0.03107000
 -0.03413827  0.03106000
 -0.03412671  0.03105000
 -0.03411516  0.03104000
 -0.03410360  0.03103000
 -0.03409205  0.03102000
 -0.03408051  0.03101000
 -0.03406897  0.03100000
 -0.03405743  0.03099000
 -0.03404590  0.03098000
 -0.03403437  0.03097000
 -0.03402284  0.03096000
 -0.03401132  0.03095000
 -0.03399980  0.03094000
 -0.03398829  0.03093000
 -0.03397678  0.03092000
 -0.03396527  0.03091000
 -0.03395377  0.03090000
 -0.03394227  0.03089000
 -0.03393077  0.03088000
 -0.03391928  0.03087000
 -0.03390779  0.03086000
 -0.03389631  0.03085000
 -0.03388483  0.03084000
 -0.03387335  0.03083000
 -0.03386188  0.03082000
 -0.03385041  0.03081000
 -0.03383894  0.03080000
 -0.03382748  0.03079000
 -0.03381602  0.03078000
 -0.03380457  0.03077000
 -0.03379312  0.03076000
 -0.03378167  0.03075000
 -0.03377023  0.03074000
 -0.03375879  0.03073000
 -0.03374736  0.03072000
 -0.03373592  0.03071000
 -0.03372450  0.03070000
 -0.03371307  0.03069000
 -0.03370165  0.03068000
 -0.03369024  0.03067000
 -0.03367882  0.03066000
 -0.03366741  0.03065000
 -0.03365601  0.03064000
 -0.03364461  0.03063000
 -0.03363321  0.03062000
 -0.03362182  0.03061000
 -0.03361043  0.03060000
 -0.03359904  0.03059000
 -0.03358766  0.03058000
 -0.03357628  0.03057000
 -0.03356490  0.03056000
 -0.03355353  0.03055000
 -0.03354216  0.03054000
 -0.03353080  0.03053000
 -0.03351944  0.03052000
 -0.03350808  0.03051000
 -0.03349673  0.03050000
 -0.03348538  0.03049000
 -0.03347404  0.03048000
 -0.03346270  0.03047000
 -0.03345136  0.03046000
 -0.03344003  0.03045000
 -0.03342870  0.03044000
 -0.03341737  0.03043000
 -0.03340605  0.03042000
 -0.03339473  0.03041000
 -0.03338341  0.03040000
 -0.03337210  0.03039000
 -0.03336080  0.03038000
 -0.03334949  0.03037000
 -0.03333819  0.03036000
 -0.03332690  0.03035000
 -0.03331560  0.03034000
 -0.03330432  0.03033000
 -0.03329303  0.03032000
 -0.03328175  0.03031000
 -0.03327047  0.03030000
 -0.03325920  0.03029000
 -0.03324793  0.03028000
 -0.03323666  0.03027000
 -0.03322540  0.03026000
 -0.03321414  0.03025000
 -0.03320289  0.03024000
 -0.03319164  0.03023000
 -0.03318039  0.03022000
 -0.03316915  0.03021000
 -0.03315791  0.03020000
 -0.03314667  0.03019000
 -0.03313544  0.03018000
 -0.03312421  0.03017000
 -0.03311299  0.03016000
 -0.03310177  0.03015000
 -0.03309055  0.03014000
 -0.03307934  0.03013000
 -0.03306813  0.03012000
 -0.03305692  0.03011000
 -0.03304572  0.03010000
 -0.03303452  0.03009000
 -0.03302333  0.03008000
 -0.03301214  0.03007000
 -0.03300095  0.03006000
 -0.03298977  0.03005000
 -0.03297859  0.03004000
 -0.03296741  0.03003000
 -0.03295624  0.03002000
 -0.03294507  0.03001000
 -0.03293391  0.03000000
 -0.03292275  0.02999000
 -0.03291159  0.02998000
 -0.03290044  0.02997000
 -0.03288929  0.02996000
 -0.03287814  0.02995000
 -0.03286700  0.02994000
 -0.03285586  0.02993000
 -0.03284473  0.02992000
 -0.03283360  0.02991000
 -0.03282247  0.02990000
 -0.03281135  0.02989000
 -0.03280023  0.02988000
 -0.03278911  0.02987000
 -0.03277800  0.02986000
 -0.03276689  0.02985000
 -0.03275579  0.02984000
 -0.03274469  0.02983000
 -0.03273359  0.02982000
 -0.03272250  0.02981000
 -0.03271141  0.02980000
 -0.03270032  0.02979000
 -0.03268924  0.02978000
 -0.03267816  0.02977000
 -0.03266709  0.02976000
 -0.03265602  0.02975000
 -0.03264495  0.02974000
 -0.03263389  0.02973000
 -0.03262283  0.02972000
 -0.03261178  0.02971000
 -0.03260072  0.02970000
 -0.03258968  0.02969000
 -0.03257863  0.02968000
 -0.03256759  0.02967000
 -0.03255655  0.02966000
 -0.03254552  0.02965000
 -0.03253449  0.02964000
 -0.03252347  0.02963000
 -0.03251245  0.02962000
 -0.03250143  0.02961000
 -0.03249041  0.02960000
 -0.03247940  0.02959000
 -0.03246840  0.02958000
 -0.03245739  0.02957000
 -0.03244639  0.02956000
 -0.03243540  0.02955000
 -0.03242441  0.02954000
 -0.03241342  0.02953000
 -0.03240244  0.02952000
 -0.03239146  0.02951000
 -0.03238048  0.02950000
 -0.03236951  0.02949000
 -0.03235854  0.02948000
 -0.03234757  0.02947000
 -0.03233661  0.02946000
 -0.03232565  0.02945000
 -0.03231470  0.02944000
 -0.03230375  0.02943000
 -0.03229280  0.02942000
 -0.03228186  0.02941000
 -0.03227092  0.02940000
 -0.03225998  0.02939000
 -0.03224905  0.02938000
 -0.03223813  0.02937000
 -0.03222720  0.02936000
 -0.03221628  0.02935000
 -0.03220536  0.02934000
 -0.03219445  0.02933000
 -0.03218354  0.02932000
 -0.03217264  0.02931000
 -0.03216174  0.02930000
 -0.03215084  0.02929000
 -0.03213994  0.02928000
 -0.03212905  0.02927000
 -0.03211817  0.02926000
 -0.03210729  0.02925000
 -0.03209641  0.02924000
 -0.03208553  0.02923000
 -0.03207466  0.02922000
 -0.03206379  0.02921000
 -0.03205293  0.02920000
 -0.03204207  0.02919000
 -0.03203121  0.02918000
 -0.03202036  0.02917000
 -0.03200951  0.02916000
 -0.03199866  0.02915000
 -0.03198782  0.02914000
 -0.03197699  0.02913000
 -0.03196615  0.02912000
 -0.03195532  0.02911000
 -0.03194450  0.02910000
 -0.03193367  0.02909000
 -0.03192285  0.02908000
 -0.03191204  0.02907000
 -0.03190123  0.02906000
 -0.03189042  0.02905000
 -0.03187962  0.02904000
 -0.03186882  0.02903000
 -0.03185802  0.02902000
 -0.03184723  0.02901000
 -0.03183644  0.02900000
 -0.03182565  0.02899000
 -0.03181487  0.02898000
 -0.03180409  0.02897000
 -0.03179332  0.02896000
 -0.03178255  0.02895000
 -0.03177178  0.02894000
 -0.03176102  0.02893000
 -0.03175026  0.02892000
 -0.03173951  0.02891000
 -0.03172876  0.02890000
 -0.03171801  0.02889000
 -0.03170726  0.02888000
 -0.03169652  0.02887000
 -0.03168579  0.02886000
 -0.03167506  0.02885000
 -0.03166433  0.02884000
 -0.03165360  0.02883000
 -0.03164288  0.02882000
 -0.03163216  0.02881000
 -0.03162145  0.02880000
 -0.03161074  0.02879000
 -0.03160003  0.02878000
 -0.03158933  0.02877000
 -0.03157863  0.02876000
 -0.03156794  0.02875000
 -0.03155724  0.02874000
 -0.03154656  0.02873000
 -0.03153587  0.02872000
 -0.03152519  0.02871000
 -0.03151452  0.02870000
 -0.03150384  0.02869000
 -0.03149318  0.02868000
 -0.03148251  0.02867000
 -0.03147185  0.02866000
 -0.03146119  0.02865000
 -0.03145054  0.02864000
 -0.03143989  0.02863000
 -0.03142924  0.02862000
 -0.03141860  0.02861000
 -0.03140796  0.02860000
 -0.03139733  0.02859000
 -0.03138669  0.02858000
 -0.03137607  0.02857000
 -0.03136544  0.02856000
 -0.03135482  0.02855000
 -0.03134421  0.02854000
 -0.03133359  0.02853000
 -0.03132299  0.02852000
 -0.03131238  0.02851000
 -0.03130178  0.02850000
 -0.03129118  0.02849000
 -0.03128059  0.02848000
 -0.03127000  0.02847000
 -0.03125941  0.02846000
 -0.03124883  0.02845000
 -0.03123825  0.02844000
 -0.03122768  0.02843000
 -0.03121710  0.02842000
 -0.03120654  0.02841000
 -0.03119597  0.02840000
 -0.03118541  0.02839000
 -0.03117486  0.02838000
 -0.03116430  0.02837000
 -0.03115376  0.02836000
 -0.03114321  0.02835000
 -0.03113267  0.02834000
 -0.03112213  0.02833000
 -0.03111160  0.02832000
 -0.03110107  0.02831000
 -0.03109054  0.02830000
 -0.03108002  0.02829000
 -0.03106950  0.02828000
 -0.03105899  0.02827000
 -0.03104848  0.02826000
 -0.03103797  0.02825000
 -0.03102746  0.02824000
 -0.03101696  0.02823000
 -0.03100647  0.02822000
 -0.03099598  0.02821000
 -0.03098549  0.02820000
 -0.03097500  0.02819000
 -0.03096452  0.02818000
 -0.03095404  0.02817000
 -0.03094357  0.02816000
 -0.03093310  0.02815000
 -0.03092263  0.02814000
 -0.03091217  0.02813000
 -0.03090171  0.02812000
 -0.03089126  0.02811000
 -0.03088081  0.02810000
 -0.03087036  0.02809000
 -0.03085992  0.02808000
 -0.03084948  0.02807000
 -0.03083904  0.02806000
 -0.03082861  0.02805000
 -0.03081818  0.02804000
 -0.03080775  0.02803000
 -0.03079733  0.02802000
 -0.03078691  0.02801000
 -0.03077650  0.02800000
 -0.03076609  0.02799000
 -0.03075568  0.02798000
 -0.03074528  0.02797000
 -0.03073488  0.02796000
 -0.03072449  0.02795000
 -0.03071410  0.02794000
 -0.03070371  0.02793000
 -0.03069333  0.02792000
 -0.03068295  0.02791000
 -0.03067257  0.02790000
 -0.03066220  0.02789000
 -0.03065183  0.02788000
 -0.03064146  0.02787000
 -0.03063110  0.02786000
 -0.03062075  0.02785000
 -0.03061039  0.02784000
 -0.03060004  0.02783000
 -0.03058970  0.02782000
 -0.03057935  0.02781000
 -0.03056902  0.02780000
 -0.03055868  0.02779000
 -0.03054835  0.02778000
 -0.03053802  0.02777000
 -0.03052770  0.02776000
 -0.03051738  0.02775000
 -0.03050706  0.02774000
 -0.03049675  0.02773000
 -0.03048644  0.02772000
 -0.03047614  0.02771000
 -0.03046584  0.02770000
 -0.03045554  0.02769000
 -0.03044524  0.02768000
 -0.03043495  0.02767000
 -0.03042467  0.02766000
 -0.03041439  0.02765000
 -0.03040411  0.02764000
 -0.03039383  0.02763000
 -0.03038356  0.02762000
 -0.03037329  0.02761000
 -0.03036303  0.02760000
 -0.03035277  0.02759000
 -0.03034251  0.02758000
 -0.03033226  0.02757000
 -0.03032201  0.02756000
 -0.03031176  0.02755000
 -0.03030152  0.02754000
 -0.03029128  0.02753000
 -0.03028104  0.02752000
 -0.03027081  0.02751000
 -0.03026058  0.02750000
 -0.03025035  0.02749000
 -0.03024013  0.02748000
 -0.03022991  0.02747000
 -0.03021969  0.02746000
 -0.03020948  0.02745000
 -0.03019927  0.02744000
 -0.03018907  0.02743000
 -0.03017886  0.02742000
 -0.03016866  0.02741000
 -0.03015847  0.02740000
 -0.03014827  0.02739000
 -0.03013808  0.02738000
 -0.03012789  0.02737000
 -0.03011771  0.02736000
 -0.03010753  0.02735000
 -0.03009735  0.02734000
 -0.03008718  0.02733000
 -0.03007701  0.02732000
 -0.03006684  0.02731000
 -0.03005667  0.02730000
 -0.03004651  0.02729000
 -0.03003635  0.02728000
 -0.03002619  0.02727000
 -0.03001604  0.02726000
 -0.03000589  0.02725000
 -0.02999574  0.02724000
 -0.02998559  0.02723000
 -0.02997545  0.02722000
 -0.02996531  0.02721000
 -0.02995517  0.02720000
 -0.02994504  0.02719000
 -0.02993491  0.02718000
 -0.02992478  0.02717000
 -0.02991465  0.02716000
 -0.02990453  0.02715000
 -0.02989441  0.02714000
 -0.02988429  0.02713000
 -0.02987417  0.02712000
 -0.02986406  0.02711000
 -0.02985395  0.02710000
 -0.02984384  0.02709000
 -0.02983374  0.02708000
 -0.02982363  0.02707000
 -0.02981353  0.02706000
 -0.02980344  0.02705000
 -0.02979334  0.02704000
 -0.02978325  0.02703000
 -0.02977316  0.02702000
 -0.02976307  0.02701000
 -0.02975298  0.02700000
 -0.02974290  0.02699000
 -0.02973282  0.02698000
 -0.02972274  0.02697000
 -0.02971266  0.02696000
 -0.02970259  0.02695000
 -0.02969252  0.02694000
 -0.02968245  0.02693000
 -0.02967238  0.02692000
 -0.02966232  0.02691000
 -0.02965225  0.02690000
 -0.02964219  0.02689000
 -0.02963213  0.02688000
 -0.02962208  0.02687000
 -0.02961202  0.02686000
 -0.02960197  0.02685000
 -0.02959192  0.02684000
 -0.02958187  0.02683000
 -0.02957183  0.02682000
 -0.02956178  0.02681000
 -0.02955174  0.02680000
 -0.02954170  0.02679000
 -0.02953166  0.02678000
 -0.02952162  0.02677000
 -0.02951159  0.02676000
 -0.02950156  0.02675000
 -0.02949152  0.02674000
 -0.02948150  0.02673000
 -0.02947147  0.02672000
 -0.02946144  0.02671000
 -0.02945142  0.02670000
 -0.02944140  0.02669000
 -0.02943138  0.02668000
 -0.02942136  0.02667000
 -0.02941134  0.02666000
 -0.02940133  0.02665000
 -0.02939131  0.02664000
 -0.02938130  0.02663000
 -0.02937129  0.02662000
 -0.02936128  0.02661000
 -0.02935127  0.02660000
 -0.02934127  0.02659000
 -0.02933126  0.02658000
 -0.02932126  0.02657000
 -0.02931126  0.02656000
 -0.02930126  0.02655000
 -0.02929126  0.02654000
 -0.02928126  0.02653000
 -0.02927127  0.02652000
 -0.02926128  0.02651000
 -0.02925128  0.02650000
 -0.02924129  0.02649000
 -0.02923130  0.02648000
 -0.02922131  0.02647000
 -0.02921132  0.02646000
 -0.02920134  0.02645000
 -0.02919135  0.02644000
 -0.02918137  0.02643000
 -0.02917139  0.02642000
 -0.02916141  0.02641000
 -0.02915143  0.02640000
 -0.02914145  0.02639000
 -0.02913147  0.02638000
 -0.02912149  0.02637000
 -0.02911152  0.02636000
 -0.02910154  0.02635000
 -0.02909157  0.02634000
 -0.02908160  0.02633000
 -0.02907162  0.02632000
 -0.02906165  0.02631000
 -0.02905168  0.02630000
 -0.02904171  0.02629000
 -0.02903175  0.02628000
 -0.02902178  0.02627000
 -0.02901181  0.02626000
 -0.02900185  0.02625000
 -0.02899188  0.02624000
 -0.02898192  0.02623000
 -0.02897196  0.02622000
 -0.02896199  0.02621000
 -0.02895203  0.02620000
 -0.02894207  0.02619000
 -0.02893211  0.02618000
 -0.02892215  0.02617000
 -0.02891220  0.02616000
 -0.02890224  0.02615000
 -0.02889228  0.02614000
 -0.02888232  0.02613000
 -0.02887237  0.02612000
 -0.02886241  0.02611000
 -0.02885246  0.02610000
 -0.02884250  0.02609000
 -0.02883255  0.02608000
 -0.02882260  0.02607000
 -0.02881264  0.02606000
 -0.02880269  0.02605000
 -0.02879274  0.02604000
 -0.02878279  0.02603000
 -0.02877284  0.02602000
 -0.02876288  0.02601000
 -0.02875293  0.02600000
 -0.02874298  0.02599000
 -0.02873303  0.02598000
 -0.02872308  0.02597000
 -0.02871313  0.02596000
 -0.02870319  0.02595000
 -0.02869324  0.02594000
 -0.02868329  0.02593000
 -0.02867334  0.02592000
 -0.02866339  0.02591000
 -0.02865344  0.02590000
 -0.02864349  0.02589000
 -0.02863355  0.02588000
 -0.02862360  0.02587000
 -0.02861365  0.02586000
 -0.02860370  0.02585000
 -0.02859376  0.02584000
 -0.02858381  0.02583000
 -0.02857386  0.02582000
 -0.02856391  0.02581000
 -0.02855396  0.02580000
 -0.02854402  0.02579000
 -0.02853407  0.02578000
 -0.02852412  0.02577000
 -0.02851417  0.02576000
 -0.02850422  0.02575000
 -0.02849427  0.02574000
 -0.02848432  0.02573000
 -0.02847438  0.02572000
 -0.02846443  0.02571000
 -0.02845448  0.02570000
 -0.02844453  0.02569000
 -0.02843458  0.02568000
 -0.02842463  0.02567000
 -0.02841467  0.02566000
 -0.02840472  0.02565000
 -0.02839477  0.02564000
 -0.02838482  0.02563000
 -0.02837487  0.02562000
 -0.02836491  0.02561000
 -0.02835496  0.02560000
 -0.02834501  0.02559000
 -0.02833505  0.02558000
 -0.02832510  0.02557000
 -0.02831514  0.02556000
 -0.02830519  0.02555000
 -0.02829523  0.02554000
 -0.02828527  0.02553000
 -0.02827531  0.02552000
 -0.02826536  0.02551000
 -0.02825540  0.02550000
 -0.02824544  0.02549000
 -0.02823548  0.02548000
 -0.02822551  0.02547000
 -0.02821555  0.02546000
 -0.02820559  0.02545000
 -0.02819563  0.02544000
 -0.02818566  0.02543000
 -0.02817570  0.02542000
 -0.02816573  0.02541000
 -0.02815576  0.02540000
 -0.02814579  0.02539000
 -0.02813583  0.02538000
 -0.02812586  0.02537000
 -0.02811589  0.02536000
 -0.02810592  0.02535000
 -0.02809594  0.02534000
 -0.02808597  0.02533000
 -0.02807600  0.02532000
 -0.02806602  0.02531000
 -0.02805605  0.02530000
 -0.02804607  0.02529000
 -0.02803609  0.02528000
 -0.02802612  0.02527000
 -0.02801614  0.02526000
 -0.02800616  0.02525000
 -0.02799618  0.02524000
 -0.02798620  0.02523000
 -0.02797622  0.02522000
 -0.02796624  0.02521000
 -0.02795625  0.02520000
 -0.02794627  0.02519000
 -0.02793629  0.02518000
 -0.02792630  0.02517000
 -0.02791632  0.02516000
 -0.02790633  0.02515000
 -0.02789634  0.02514000
 -0.02788636  0.02513000
 -0.02787637  0.02512000
 -0.02786638  0.02511000
 -0.02785639  0.02510000
 -0.02784640  0.02509000
 -0.02783641  0.02508000
 -0.02782642  0.02507000
 -0.02781642  0.02506000
 -0.02780643  0.02505000
 -0.02779644  0.02504000
 -0.02778644  0.02503000
 -0.02777645  0.02502000
 -0.02776645  0.02501000
 -0.02775646  0.02500000
 -0.02774646  0.02499000
 -0.02773646  0.02498000
 -0.02772647  0.02497000
 -0.02771647  0.02496000
 -0.02770647  0.02495000
 -0.02769647  0.02494000
 -0.02768647  0.02493000
 -0.02767647  0.02492000
 -0.02766647  0.02491000
 -0.02765647  0.02490000
 -0.02764646  0.02489000
 -0.02763646  0.02488000
 -0.02762646  0.02487000
 -0.02761645  0.02486000
 -0.02760645  0.02485000
 -0.02759644  0.02484000
 -0.02758644  0.02483000
 -0.02757643  0.02482000
 -0.02756643  0.02481000
 -0.02755642  0.02480000
 -0.02754641  0.02479000
 -0.02753640  0.02478000
 -0.02752640  0.02477000
 -0.02751639  0.02476000
 -0.02750638  0.02475000
 -0.02749637  0.02474000
 -0.02748636  0.02473000
 -0.02747635  0.02472000
 -0.02746634  0.02471000
 -0.02745632  0.02470000
 -0.02744631  0.02469000
 -0.02743630  0.02468000
 -0.02742629  0.02467000
 -0.02741627  0.02466000
 -0.02740626  0.02465000
 -0.02739625  0.02464000
 -0.02738623  0.02463000
 -0.02737622  0.02462000
 -0.02736620  0.02461000
 -0.02735619  0.02460000
 -0.02734617  0.02459000
 -0.02733615  0.02458000
 -0.02732614  0.02457000
 -0.02731612  0.02456000
 -0.02730610  0.02455000
 -0.02729608  0.02454000
 -0.02728607  0.02453000
 -0.02727605  0.02452000
 -0.02726603  0.02451000
 -0.02725601  0.02450000
 -0.02724599  0.02449000
 -0.02723597  0.02448000
 -0.02722595  0.02447000
 -0.02721593  0.02446000
 -0.02720591  0.02445000
 -0.02719589  0.02444000
 -0.02718587  0.02443000
 -0.02717585  0.02442000
 -0.02716583  0.02441000
 -0.02715580  0.02440000
 -0.02714578  0.02439000
 -0.02713576  0.02438000
 -0.02712574  0.02437000
 -0.02711571  0.02436000
 -0.02710569  0.02435000
 -0.02709567  0.02434000
 -0.02708564  0.02433000
 -0.02707562  0.02432000
 -0.02706560  0.02431000
 -0.02705557  0.02430000
 -0.02704555  0.02429000
 -0.02703552  0.02428000
 -0.02702550  0.02427000
 -0.02701547  0.02426000
 -0.02700545  0.02425000
 -0.02699542  0.02424000
 -0.02698540  0.02423000
 -0.02697537  0.02422000
 -0.02696535  0.02421000
 -0.02695532  0.02420000
 -0.02694530  0.02419000
 -0.02693527  0.02418000
 -0.02692524  0.02417000
 -0.02691522  0.02416000
 -0.02690519  0.02415000
 -0.02689516  0.02414000
 -0.02688514  0.02413000
 -0.02687511  0.02412000
 -0.02686508  0.02411000
 -0.02685506  0.02410000
 -0.02684503  0.02409000
 -0.02683500  0.02408000
 -0.02682497  0.02407000
 -0.02681495  0.02406000
 -0.02680492  0.02405000
 -0.02679489  0.02404000
 -0.02678487  0.02403000
 -0.02677484  0.02402000
 -0.02676481  0.02401000
 -0.02675478  0.02400000
 -0.02674476  0.02399000
 -0.02673473  0.02398000
 -0.02672470  0.02397000
 -0.02671467  0.02396000
 -0.02670465  0.02395000
 -0.02669462  0.02394000
 -0.02668459  0.02393000
 -0.02667456  0.02392000
 -0.02666454  0.02391000
 -0.02665451  0.02390000
 -0.02664448  0.02389000
 -0.02663445  0.02388000
 -0.02662443  0.02387000
 -0.02661440  0.02386000
 -0.02660437  0.02385000
 -0.02659434  0.02384000
 -0.02658432  0.02383000
 -0.02657429  0.02382000
 -0.02656426  0.02381000
 -0.02655424  0.02380000
 -0.02654421  0.02379000
 -0.02653418  0.02378000
 -0.02652416  0.02377000
 -0.02651413  0.02376000
 -0.02650410  0.02375000
 -0.02649408  0.02374000
 -0.02648405  0.02373000
 -0.02647403  0.02372000
 -0.02646400  0.02371000
 -0.02645397  0.02370000
 -0.02644395  0.02369000
 -0.02643392  0.02368000
 -0.02642390  0.02367000
 -0.02641387  0.02366000
 -0.02640385  0.02365000
 -0.02639382  0.02364000
 -0.02638380  0.02363000
 -0.02637378  0.02362000
 -0.02636375  0.02361000
 -0.02635373  0.02360000
 -0.02634370  0.02359000
 -0.02633368  0.02358000
 -0.02632366  0.02357000
 -0.02631364  0.02356000
 -0.02630361  0.02355000
 -0.02629359  0.02354000
 -0.02628357  0.02353000
 -0.02627355  0.02352000
 -0.02626352  0.02351000
 -0.02625350  0.02350000
 -0.02624348  0.02349000
 -0.02623346  0.02348000
 -0.02622344  0.02347000
 -0.02621342  0.02346000
 -0.02620340  0.02345000
 -0.02619338  0.02344000
 -0.02618336  0.02343000
 -0.02617334  0.02342000
 -0.02616332  0.02341000
 -0.02615331  0.02340000
 -0.02614329  0.02339000
 -0.02613327  0.02338000
 -0.02612325  0.02337000
 -0.02611324  0.02336000
 -0.02610322  0.02335000
 -0.02609320  0.02334000
 -0.02608319  0.02333000
 -0.02607317  0.02332000
 -0.02606316  0.02331000
 -0.02605314  0.02330000
 -0.02604313  0.02329000
 -0.02603311  0.02328000
 -0.02602310  0.02327000
 -0.02601308  0.02326000
 -0.02600307  0.02325000
 -0.02599306  0.02324000
 -0.02598305  0.02323000
 -0.02597304  0.02322000
 -0.02596302  0.02321000
 -0.02595301  0.02320000
 -0.02594300  0.02319000
 -0.02593299  0.02318000
 -0.02592298  0.02317000
 -0.02591298  0.02316000
 -0.02590297  0.02315000
 -0.02589296  0.02314000
 -0.02588295  0.02313000
 -0.02587295  0.02312000
 -0.02586294  0.02311000
 -0.02585293  0.02310000
 -0.02584293  0.02309000
 -0.02583292  0.02308000
 -0.02582292  0.02307000
 -0.02581291  0.02306000
 -0.02580291  0.02305000
 -0.02579291  0.02304000
 -0.02578291  0.02303000
 -0.02577291  0.02302000
 -0.02576290  0.02301000
 -0.02575290  0.02300000
 -0.02574291  0.02299000
 -0.02573291  0.02298000
 -0.02572291  0.02297000
 -0.02571291  0.02296000
 -0.02570291  0.02295000
 -0.02569292  0.02294000
 -0.02568292  0.02293000
 -0.02567293  0.02292000
 -0.02566293  0.02291000
 -0.02565294  0.02290000
 -0.02564295  0.02289000
 -0.02563296  0.02288000
 -0.02562297  0.02287000
 -0.02561298  0.02286000
 -0.02560299  0.02285000
 -0.02559300  0.02284000
 -0.02558301  0.02283000
 -0.02557303  0.02282000
 -0.02556304  0.02281000
 -0.02555305  0.02280000
 -0.02554307  0.02279000
 -0.02553309  0.02278000
 -0.02552311  0.02277000
 -0.02551312  0.02276000
 -0.02550314  0.02275000
 -0.02549316  0.02274000
 -0.02548319  0.02273000
 -0.02547321  0.02272000
 -0.02546323  0.02271000
 -0.02545326  0.02270000
 -0.02544328  0.02269000
 -0.02543331  0.02268000
 -0.02542333  0.02267000
 -0.02541336  0.02266000
 -0.02540339  0.02265000
 -0.02539342  0.02264000
 -0.02538345  0.02263000
 -0.02537349  0.02262000
 -0.02536352  0.02261000
 -0.02535355  0.02260000
 -0.02534359  0.02259000
 -0.02533363  0.02258000
 -0.02532367  0.02257000
 -0.02531370  0.02256000
 -0.02530374  0.02255000
 -0.02529379  0.02254000
 -0.02528383  0.02253000
 -0.02527387  0.02252000
 -0.02526392  0.02251000
 -0.02525396  0.02250000
 -0.02524401  0.02249000
 -0.02523406  0.02248000
 -0.02522411  0.02247000
 -0.02521416  0.02246000
 -0.02520421  0.02245000
 -0.02519427  0.02244000
 -0.02518432  0.02243000
 -0.02517438  0.02242000
 -0.02516443  0.02241000
 -0.02515449  0.02240000
 -0.02514455  0.02239000
 -0.02513461  0.02238000
 -0.02512468  0.02237000
 -0.02511474  0.02236000
 -0.02510481  0.02235000
 -0.02509487  0.02234000
 -0.02508494  0.02233000
 -0.02507501  0.02232000
 -0.02506508  0.02231000
 -0.02505516  0.02230000
 -0.02504523  0.02229000
 -0.02503531  0.02228000
 -0.02502538  0.02227000
 -0.02501546  0.02226000
 -0.02500554  0.02225000
 -0.02499562  0.02224000
 -0.02498570  0.02223000
 -0.02497579  0.02222000
 -0.02496587  0.02221000
 -0.02495596  0.02220000
 -0.02494605  0.02219000
 -0.02493614  0.02218000
 -0.02492623  0.02217000
 -0.02491633  0.02216000
 -0.02490642  0.02215000
 -0.02489652  0.02214000
 -0.02488662  0.02213000
 -0.02487672  0.02212000
 -0.02486682  0.02211000
 -0.02485692  0.02210000
 -0.02484703  0.02209000
 -0.02483713  0.02208000
 -0.02482724  0.02207000
 -0.02481735  0.02206000
 -0.02480746  0.02205000
 -0.02479758  0.02204000
 -0.02478769  0.02203000
 -0.02477781  0.02202000
 -0.02476793  0.02201000
 -0.02475805  0.02200000
 -0.02474817  0.02199000
 -0.02473830  0.02198000
 -0.02472842  0.02197000
 -0.02471855  0.02196000
 -0.02470868  0.02195000
 -0.02469881  0.02194000
 -0.02468894  0.02193000
 -0.02467908  0.02192000
 -0.02466921  0.02191000
 -0.02465935  0.02190000
 -0.02464949  0.02189000
 -0.02463964  0.02188000
 -0.02462978  0.02187000
 -0.02461993  0.02186000
 -0.02461008  0.02185000
 -0.02460023  0.02184000
 -0.02459038  0.02183000
 -0.02458053  0.02182000
 -0.02457069  0.02181000
 -0.02456085  0.02180000
 -0.02455101  0.02179000
 -0.02454117  0.02178000
 -0.02453133  0.02177000
 -0.02452150  0.02176000
 -0.02451167  0.02175000
 -0.02450184  0.02174000
 -0.02449201  0.02173000
 -0.02448218  0.02172000
 -0.02447236  0.02171000
 -0.02446254  0.02170000
 -0.02445272  0.02169000
 -0.02444290  0.02168000
 -0.02443309  0.02167000
 -0.02442327  0.02166000
 -0.02441346  0.02165000
 -0.02440365  0.02164000
 -0.02439385  0.02163000
 -0.02438404  0.02162000
 -0.02437424  0.02161000
 -0.02436444  0.02160000
 -0.02435464  0.02159000
 -0.02434485  0.02158000
 -0.02433506  0.02157000
 -0.02432526  0.02156000
 -0.02431548  0.02155000
 -0.02430569  0.02154000
 -0.02429591  0.02153000
 -0.02428612  0.02152000
 -0.02427634  0.02151000
 -0.02426657  0.02150000
 -0.02425679  0.02149000
 -0.02424702  0.02148000
 -0.02423725  0.02147000
 -0.02422748  0.02146000
 -0.02421772  0.02145000
 -0.02420795  0.02144000
 -0.02419819  0.02143000
 -0.02418843  0.02142000
 -0.02417868  0.02141000
 -0.02416893  0.02140000
 -0.02415918  0.02139000
 -0.02414943  0.02138000
 -0.02413968  0.02137000
 -0.02412994  0.02136000
 -0.02412020  0.02135000
 -0.02411046  0.02134000
 -0.02410072  0.02133000
 -0.02409099  0.02132000
 -0.02408126  0.02131000
 -0.02407153  0.02130000
 -0.02406180  0.02129000
 -0.02405208  0.02128000
 -0.02404236  0.02127000
 -0.02403264  0.02126000
 -0.02402293  0.02125000
 -0.02401321  0.02124000
 -0.02400350  0.02123000
 -0.02399380  0.02122000
 -0.02398409  0.02121000
 -0.02397439  0.02120000
 -0.02396469  0.02119000
 -0.02395499  0.02118000
 -0.02394530  0.02117000
 -0.02393561  0.02116000
 -0.02392592  0.02115000
 -0.02391623  0.02114000
 -0.02390655  0.02113000
 -0.02389687  0.02112000
 -0.02388719  0.02111000
 -0.02387752  0.02110000
 -0.02386784  0.02109000
 -0.02385818  0.02108000
 -0.02384851  0.02107000
 -0.02383885  0.02106000
 -0.02382918  0.02105000
 -0.02381953  0.02104000
 -0.02380987  0.02103000
 -0.02380022  0.02102000
 -0.02379057  0.02101000
 -0.02378092  0.02100000
 -0.02377128  0.02099000
 -0.02376164  0.02098000
 -0.02375200  0.02097000
 -0.02374237  0.02096000
 -0.02373273  0.02095000
 -0.02372310  0.02094000
 -0.02371348  0.02093000
 -0.02370386  0.02092000
 -0.02369423  0.02091000
 -0.02368462  0.02090000
 -0.02367500  0.02089000
 -0.02366539  0.02088000
 -0.02365578  0.02087000
 -0.02364618  0.02086000
 -0.02363658  0.02085000
 -0.02362698  0.02084000
 -0.02361738  0.02083000
 -0.02360779  0.02082000
 -0.02359819  0.02081000
 -0.02358861  0.02080000
 -0.02357902  0.02079000
 -0.02356944  0.02078000
 -0.02355985  0.02077000
 -0.02355028  0.02076000
 -0.02354070  0.02075000
 -0.02353112  0.02074000
 -0.02352155  0.02073000
 -0.02351198  0.02072000
 -0.02350242  0.02071000
 -0.02349285  0.02070000
 -0.02348329  0.02069000
 -0.02347373  0.02068000
 -0.02346417  0.02067000
 -0.02345461  0.02066000
 -0.02344506  0.02065000
 -0.02343550  0.02064000
 -0.02342595  0.02063000
 -0.02341640  0.02062000
 -0.02340685  0.02061000
 -0.02339731  0.02060000
 -0.02338776  0.02059000
 -0.02337822  0.02058000
 -0.02336868  0.02057000
 -0.02335914  0.02056000
 -0.02334960  0.02055000
 -0.02334006  0.02054000
 -0.02333053  0.02053000
 -0.02332099  0.02052000
 -0.02331146  0.02051000
 -0.02330193  0.02050000
 -0.02329240  0.02049000
 -0.02328287  0.02048000
 -0.02327334  0.02047000
 -0.02326381  0.02046000
 -0.02325429  0.02045000
 -0.02324476  0.02044000
 -0.02323524  0.02043000
 -0.02322572  0.02042000
 -0.02321619  0.02041000
 -0.02320667  0.02040000
 -0.02319715  0.02039000
 -0.02318763  0.02038000
 -0.02317811  0.02037000
 -0.02316859  0.02036000
 -0.02315907  0.02035000
 -0.02314956  0.02034000
 -0.02314004  0.02033000
 -0.02313052  0.02032000
 -0.02312100  0.02031000
 -0.02311149  0.02030000
 -0.02310197  0.02029000
 -0.02309246  0.02028000
 -0.02308294  0.02027000
 -0.02307342  0.02026000
 -0.02306391  0.02025000
 -0.02305439  0.02024000
 -0.02304488  0.02023000
 -0.02303536  0.02022000
 -0.02302585  0.02021000
 -0.02301633  0.02020000
 -0.02300682  0.02019000
 -0.02299730  0.02018000
 -0.02298778  0.02017000
 -0.02297827  0.02016000
 -0.02296875  0.02015000
 -0.02295923  0.02014000
 -0.02294972  0.02013000
 -0.02294020  0.02012000
 -0.02293068  0.02011000
 -0.02292116  0.02010000
 -0.02291164  0.02009000
 -0.02290212  0.02008000
 -0.02289260  0.02007000
 -0.02288307  0.02006000
 -0.02287355  0.02005000
 -0.02286403  0.02004000
 -0.02285450  0.02003000
 -0.02284498  0.02002000
 -0.02283545  0.02001000
 -0.02282592  0.02000000
 -0.02281639  0.01999000
 -0.02280686  0.01998000
 -0.02279733  0.01997000
 -0.02278780  0.01996000
 -0.02277827  0.01995000
 -0.02276873  0.01994000
 -0.02275920  0.01993000
 -0.02274966  0.01992000
 -0.02274012  0.01991000
 -0.02273058  0.01990000
 -0.02272103  0.01989000
 -0.02271149  0.01988000
 -0.02270195  0.01987000
 -0.02269240  0.01986000
 -0.02268285  0.01985000
 -0.02267330  0.01984000
 -0.02266375  0.01983000
 -0.02265419  0.01982000
 -0.02264464  0.01981000
 -0.02263508  0.01980000
 -0.02262552  0.01979000
 -0.02261595  0.01978000
 -0.02260639  0.01977000
 -0.02259682  0.01976000
 -0.02258725  0.01975000
 -0.02257768  0.01974000
 -0.02256811  0.01973000
 -0.02255853  0.01972000
 -0.02254896  0.01971000
 -0.02253938  0.01970000
 -0.02252979  0.01969000
 -0.02252021  0.01968000
 -0.02251062  0.01967000
 -0.02250103  0.01966000
 -0.02249144  0.01965000
 -0.02248184  0.01964000
 -0.02247224  0.01963000
 -0.02246264  0.01962000
 -0.02245304  0.01961000
 -0.02244343  0.01960000
 -0.02243382  0.01959000
 -0.02242421  0.01958000
 -0.02241459  0.01957000
 -0.02240497  0.01956000
 -0.02239535  0.01955000
 -0.02238572  0.01954000
 -0.02237609  0.01953000
 -0.02236646  0.01952000
 -0.02235683  0.01951000
 -0.02234719  0.01950000
 -0.02233755  0.01949000
 -0.02232790  0.01948000
 -0.02231825  0.01947000
 -0.02230860  0.01946000
 -0.02229895  0.01945000
 -0.02228929  0.01944000
 -0.02227962  0.01943000
 -0.02226996  0.01942000
 -0.02226029  0.01941000
 -0.02225061  0.01940000
 -0.02224093  0.01939000
 -0.02223125  0.01938000
 -0.02222157  0.01937000
 -0.02221188  0.01936000
 -0.02220218  0.01935000
 -0.02219248  0.01934000
 -0.02218278  0.01933000
 -0.02217308  0.01932000
 -0.02216337  0.01931000
 -0.02215365  0.01930000
 -0.02214393  0.01929000
 -0.02213421  0.01928000
 -0.02212448  0.01927000
 -0.02211475  0.01926000
 -0.02210501  0.01925000
 -0.02209527  0.01924000
 -0.02208552  0.01923000
 -0.02207577  0.01922000
 -0.02206602  0.01921000
 -0.02205626  0.01920000
 -0.02204650  0.01919000
 -0.02203673  0.01918000
 -0.02202695  0.01917000
 -0.02201718  0.01916000
 -0.02200739  0.01915000
 -0.02199761  0.01914000
 -0.02198782  0.01913000
 -0.02197802  0.01912000
 -0.02196822  0.01911000
 -0.02195842  0.01910000
 -0.02194861  0.01909000
 -0.02193879  0.01908000
 -0.02192898  0.01907000
 -0.02191915  0.01906000
 -0.02190933  0.01905000
 -0.02189950  0.01904000
 -0.02188966  0.01903000
 -0.02187982  0.01902000
 -0.02186998  0.01901000
 -0.02186013  0.01900000
 -0.02185028  0.01899000
 -0.02184043  0.01898000
 -0.02183057  0.01897000
 -0.02182070  0.01896000
 -0.02181084  0.01895000
 -0.02180096  0.01894000
 -0.02179109  0.01893000
 -0.02178121  0.01892000
 -0.02177132  0.01891000
 -0.02176143  0.01890000
 -0.02175154  0.01889000
 -0.02174164  0.01888000
 -0.02173174  0.01887000
 -0.02172184  0.01886000
 -0.02171193  0.01885000
 -0.02170202  0.01884000
 -0.02169210  0.01883000
 -0.02168218  0.01882000
 -0.02167226  0.01881000
 -0.02166233  0.01880000
 -0.02165240  0.01879000
 -0.02164247  0.01878000
 -0.02163253  0.01877000
 -0.02162258  0.01876000
 -0.02161264  0.01875000
 -0.02160269  0.01874000
 -0.02159273  0.01873000
 -0.02158278  0.01872000
 -0.02157281  0.01871000
 -0.02156285  0.01870000
 -0.02155288  0.01869000
 -0.02154291  0.01868000
 -0.02153293  0.01867000
 -0.02152295  0.01866000
 -0.02151297  0.01865000
 -0.02150298  0.01864000
 -0.02149299  0.01863000
 -0.02148300  0.01862000
 -0.02147300  0.01861000
 -0.02146300  0.01860000
 -0.02145300  0.01859000
 -0.02144299  0.01858000
 -0.02143298  0.01857000
 -0.02142297  0.01856000
 -0.02141295  0.01855000
 -0.02140293  0.01854000
 -0.02139290  0.01853000
 -0.02138288  0.01852000
 -0.02137285  0.01851000
 -0.02136281  0.01850000
 -0.02135277  0.01849000
 -0.02134273  0.01848000
 -0.02133269  0.01847000
 -0.02132264  0.01846000
 -0.02131259  0.01845000
 -0.02130254  0.01844000
 -0.02129248  0.01843000
 -0.02128242  0.01842000
 -0.02127236  0.01841000
 -0.02126230  0.01840000
 -0.02125223  0.01839000
 -0.02124215  0.01838000
 -0.02123208  0.01837000
 -0.02122200  0.01836000
 -0.02121192  0.01835000
 -0.02120184  0.01834000
 -0.02119175  0.01833000
 -0.02118166  0.01832000
 -0.02117157  0.01831000
 -0.02116147  0.01830000
 -0.02115137  0.01829000
 -0.02114127  0.01828000
 -0.02113117  0.01827000
 -0.02112106  0.01826000
 -0.02111095  0.01825000
 -0.02110084  0.01824000
 -0.02109072  0.01823000
 -0.02108060  0.01822000
 -0.02107048  0.01821000
 -0.02106036  0.01820000
 -0.02105023  0.01819000
 -0.02104010  0.01818000
 -0.02102997  0.01817000
 -0.02101984  0.01816000
 -0.02100970  0.01815000
 -0.02099956  0.01814000
 -0.02098942  0.01813000
 -0.02097928  0.01812000
 -0.02096913  0.01811000
 -0.02095898  0.01810000
 -0.02094883  0.01809000
 -0.02093867  0.01808000
 -0.02092851  0.01807000
 -0.02091835  0.01806000
 -0.02090819  0.01805000
 -0.02089803  0.01804000
 -0.02088786  0.01803000
 -0.02087769  0.01802000
 -0.02086752  0.01801000
 -0.02085735  0.01800000
 -0.02084717  0.01799000
 -0.02083699  0.01798000
 -0.02082681  0.01797000
 -0.02081663  0.01796000
 -0.02080644  0.01795000
 -0.02079625  0.01794000
 -0.02078606  0.01793000
 -0.02077587  0.01792000
 -0.02076568  0.01791000
 -0.02075548  0.01790000
 -0.02074528  0.01789000
 -0.02073508  0.01788000
 -0.02072488  0.01787000
 -0.02071468  0.01786000
 -0.02070447  0.01785000
 -0.02069426  0.01784000
 -0.02068405  0.01783000
 -0.02067384  0.01782000
 -0.02066362  0.01781000
 -0.02065340  0.01780000
 -0.02064319  0.01779000
 -0.02063297  0.01778000
 -0.02062274  0.01777000
 -0.02061252  0.01776000
 -0.02060229  0.01775000
 -0.02059206  0.01774000
 -0.02058183  0.01773000
 -0.02057160  0.01772000
 -0.02056137  0.01771000
 -0.02055113  0.01770000
 -0.02054090  0.01769000
 -0.02053066  0.01768000
 -0.02052042  0.01767000
 -0.02051017  0.01766000
 -0.02049993  0.01765000
 -0.02048968  0.01764000
 -0.02047944  0.01763000
 -0.02046919  0.01762000
 -0.02045894  0.01761000
 -0.02044868  0.01760000
 -0.02043843  0.01759000
 -0.02042818  0.01758000
 -0.02041792  0.01757000
 -0.02040766  0.01756000
 -0.02039740  0.01755000
 -0.02038714  0.01754000
 -0.02037688  0.01753000
 -0.02036661  0.01752000
 -0.02035635  0.01751000
 -0.02034608  0.01750000
 -0.02033581  0.01749000
 -0.02032554  0.01748000
 -0.02031527  0.01747000
 -0.02030500  0.01746000
 -0.02029472  0.01745000
 -0.02028445  0.01744000
 -0.02027417  0.01743000
 -0.02026389  0.01742000
 -0.02025361  0.01741000
 -0.02024333  0.01740000
 -0.02023305  0.01739000
 -0.02022277  0.01738000
 -0.02021249  0.01737000
 -0.02020220  0.01736000
 -0.02019192  0.01735000
 -0.02018163  0.01734000
 -0.02017134  0.01733000
 -0.02016105  0.01732000
 -0.02015076  0.01731000
 -0.02014047  0.01730000
 -0.02013018  0.01729000
 -0.02011989  0.01728000
 -0.02010959  0.01727000
 -0.02009930  0.01726000
 -0.02008900  0.01725000
 -0.02007870  0.01724000
 -0.02006841  0.01723000
 -0.02005811  0.01722000
 -0.02004781  0.01721000
 -0.02003751  0.01720000
 -0.02002720  0.01719000
 -0.02001690  0.01718000
 -0.02000660  0.01717000
 -0.01999630  0.01716000
 -0.01998599  0.01715000
 -0.01997569  0.01714000
 -0.01996538  0.01713000
 -0.01995507  0.01712000
 -0.01994477  0.01711000
 -0.01993446  0.01710000
 -0.01992415  0.01709000
 -0.01991384  0.01708000
 -0.01990353  0.01707000
 -0.01989322  0.01706000
 -0.01988291  0.01705000
 -0.01987260  0.01704000
 -0.01986229  0.01703000
 -0.01985197  0.01702000
 -0.01984166  0.01701000
 -0.01983135  0.01700000
 -0.01982103  0.01699000
 -0.01981072  0.01698000
 -0.01980040  0.01697000
 -0.01979008  0.01696000
 -0.01977976  0.01695000
 -0.01976945  0.01694000
 -0.01975913  0.01693000
 -0.01974881  0.01692000
 -0.01973849  0.01691000
 -0.01972816  0.01690000
 -0.01971784  0.01689000
 -0.01970752  0.01688000
 -0.01969720  0.01687000
 -0.01968687  0.01686000
 -0.01967655  0.01685000
 -0.01966622  0.01684000
 -0.01965589  0.01683000
 -0.01964557  0.01682000
 -0.01963524  0.01681000
 -0.01962491  0.01680000
 -0.01961458  0.01679000
 -0.01960425  0.01678000
 -0.01959392  0.01677000
 -0.01958358  0.01676000
 -0.01957325  0.01675000
 -0.01956292  0.01674000
 -0.01955258  0.01673000
 -0.01954224  0.01672000
 -0.01953191  0.01671000
 -0.01952157  0.01670000
 -0.01951123  0.01669000
 -0.01950089  0.01668000
 -0.01949055  0.01667000
 -0.01948021  0.01666000
 -0.01946987  0.01665000
 -0.01945952  0.01664000
 -0.01944918  0.01663000
 -0.01943883  0.01662000
 -0.01942849  0.01661000
 -0.01941814  0.01660000
 -0.01940779  0.01659000
 -0.01939744  0.01658000
 -0.01938709  0.01657000
 -0.01937674  0.01656000
 -0.01936639  0.01655000
 -0.01935604  0.01654000
 -0.01934568  0.01653000
 -0.01933533  0.01652000
 -0.01932497  0.01651000
 -0.01931461  0.01650000
 -0.01930425  0.01649000
 -0.01929389  0.01648000
 -0.01928353  0.01647000
 -0.01927317  0.01646000
 -0.01926281  0.01645000
 -0.01925244  0.01644000
 -0.01924208  0.01643000
 -0.01923171  0.01642000
 -0.01922135  0.01641000
 -0.01921098  0.01640000
 -0.01920061  0.01639000
 -0.01919024  0.01638000
 -0.01917987  0.01637000
 -0.01916949  0.01636000
 -0.01915912  0.01635000
 -0.01914874  0.01634000
 -0.01913837  0.01633000
 -0.01912799  0.01632000
 -0.01911761  0.01631000
 -0.01910723  0.01630000
 -0.01909685  0.01629000
 -0.01908647  0.01628000
 -0.01907608  0.01627000
 -0.01906570  0.01626000
 -0.01905531  0.01625000
 -0.01904492  0.01624000
 -0.01903453  0.01623000
 -0.01902414  0.01622000
 -0.01901375  0.01621000
 -0.01900336  0.01620000
 -0.01899297  0.01619000
 -0.01898257  0.01618000
 -0.01897218  0.01617000
 -0.01896178  0.01616000
 -0.01895138  0.01615000
 -0.01894098  0.01614000
 -0.01893058  0.01613000
 -0.01892017  0.01612000
 -0.01890977  0.01611000
 -0.01889936  0.01610000
 -0.01888896  0.01609000
 -0.01887855  0.01608000
 -0.01886814  0.01607000
 -0.01885773  0.01606000
 -0.01884731  0.01605000
 -0.01883690  0.01604000
 -0.01882648  0.01603000
 -0.01881607  0.01602000
 -0.01880565  0.01601000
 -0.01879523  0.01600000
 -0.01878481  0.01599000
 -0.01877438  0.01598000
 -0.01876396  0.01597000
 -0.01875353  0.01596000
 -0.01874311  0.01595000
 -0.01873268  0.01594000
 -0.01872225  0.01593000
 -0.01871181  0.01592000
 -0.01870138  0.01591000
 -0.01869095  0.01590000
 -0.01868051  0.01589000
 -0.01867007  0.01588000
 -0.01865963  0.01587000
 -0.01864919  0.01586000
 -0.01863875  0.01585000
 -0.01862831  0.01584000
 -0.01861786  0.01583000
 -0.01860741  0.01582000
 -0.01859696  0.01581000
 -0.01858651  0.01580000
 -0.01857606  0.01579000
 -0.01856561  0.01578000
 -0.01855515  0.01577000
 -0.01854470  0.01576000
 -0.01853424  0.01575000
 -0.01852378  0.01574000
 -0.01851332  0.01573000
 -0.01850285  0.01572000
 -0.01849239  0.01571000
 -0.01848192  0.01570000
 -0.01847145  0.01569000
 -0.01846098  0.01568000
 -0.01845051  0.01567000
 -0.01844004  0.01566000
 -0.01842956  0.01565000
 -0.01841909  0.01564000
 -0.01840861  0.01563000
 -0.01839813  0.01562000
 -0.01838765  0.01561000
 -0.01837716  0.01560000
 -0.01836668  0.01559000
 -0.01835619  0.01558000
 -0.01834570  0.01557000
 -0.01833521  0.01556000
 -0.01832472  0.01555000
 -0.01831422  0.01554000
 -0.01830373  0.01553000
 -0.01829323  0.01552000
 -0.01828273  0.01551000
 -0.01827223  0.01550000
 -0.01826172  0.01549000
 -0.01825122  0.01548000
 -0.01824071  0.01547000
 -0.01823020  0.01546000
 -0.01821969  0.01545000
 -0.01820918  0.01544000
 -0.01819866  0.01543000
 -0.01818815  0.01542000
 -0.01817763  0.01541000
 -0.01816711  0.01540000
 -0.01815658  0.01539000
 -0.01814606  0.01538000
 -0.01813553  0.01537000
 -0.01812501  0.01536000
 -0.01811448  0.01535000
 -0.01810394  0.01534000
 -0.01809341  0.01533000
 -0.01808287  0.01532000
 -0.01807234  0.01531000
 -0.01806180  0.01530000
 -0.01805125  0.01529000
 -0.01804071  0.01528000
 -0.01803017  0.01527000
 -0.01801962  0.01526000
 -0.01800907  0.01525000
 -0.01799852  0.01524000
 -0.01798796  0.01523000
 -0.01797741  0.01522000
 -0.01796685  0.01521000
 -0.01795629  0.01520000
 -0.01794573  0.01519000
 -0.01793516  0.01518000
 -0.01792460  0.01517000
 -0.01791403  0.01516000
 -0.01790346  0.01515000
 -0.01789288  0.01514000
 -0.01788231  0.01513000
 -0.01787173  0.01512000
 -0.01786115  0.01511000
 -0.01785057  0.01510000
 -0.01783999  0.01509000
 -0.01782940  0.01508000
 -0.01781882  0.01507000
 -0.01780823  0.01506000
 -0.01779763  0.01505000
 -0.01778704  0.01504000
 -0.01777644  0.01503000
 -0.01776585  0.01502000
 -0.01775524  0.01501000
 -0.01774464  0.01500000
 -0.01773404  0.01499000
 -0.01772343  0.01498000
 -0.01771282  0.01497000
 -0.01770221  0.01496000
 -0.01769159  0.01495000
 -0.01768098  0.01494000
 -0.01767036  0.01493000
 -0.01765974  0.01492000
 -0.01764911  0.01491000
 -0.01763849  0.01490000
 -0.01762786  0.01489000
 -0.01761723  0.01488000
 -0.01760659  0.01487000
 -0.01759596  0.01486000
 -0.01758532  0.01485000
 -0.01757468  0.01484000
 -0.01756404  0.01483000
 -0.01755339  0.01482000
 -0.01754275  0.01481000
 -0.01753210  0.01480000
 -0.01752144  0.01479000
 -0.01751079  0.01478000
 -0.01750013  0.01477000
 -0.01748947  0.01476000
 -0.01747881  0.01475000
 -0.01746815  0.01474000
 -0.01745748  0.01473000
 -0.01744681  0.01472000
 -0.01743614  0.01471000
 -0.01742546  0.01470000
 -0.01741479  0.01469000
 -0.01740411  0.01468000
 -0.01739342  0.01467000
 -0.01738274  0.01466000
 -0.01737205  0.01465000
 -0.01736136  0.01464000
 -0.01735067  0.01463000
 -0.01733997  0.01462000
 -0.01732928  0.01461000
 -0.01731858  0.01460000
 -0.01730787  0.01459000
 -0.01729717  0.01458000
 -0.01728646  0.01457000
 -0.01727575  0.01456000
 -0.01726504  0.01455000
 -0.01725432  0.01454000
 -0.01724360  0.01453000
 -0.01723288  0.01452000
 -0.01722215  0.01451000
 -0.01721143  0.01450000
 -0.01720070  0.01449000
 -0.01718997  0.01448000
 -0.01717923  0.01447000
 -0.01716849  0.01446000
 -0.01715775  0.01445000
 -0.01714701  0.01444000
 -0.01713626  0.01443000
 -0.01712551  0.01442000
 -0.01711476  0.01441000
 -0.01710401  0.01440000
 -0.01709325  0.01439000
 -0.01708249  0.01438000
 -0.01707173  0.01437000
 -0.01706096  0.01436000
 -0.01705019  0.01435000
 -0.01703942  0.01434000
 -0.01702865  0.01433000
 -0.01701787  0.01432000
 -0.01700709  0.01431000
 -0.01699631  0.01430000
 -0.01698552  0.01429000
 -0.01697473  0.01428000
 -0.01696394  0.01427000
 -0.01695314  0.01426000
 -0.01694235  0.01425000
 -0.01693155  0.01424000
 -0.01692074  0.01423000
 -0.01690994  0.01422000
 -0.01689913  0.01421000
 -0.01688831  0.01420000
 -0.01687750  0.01419000
 -0.01686668  0.01418000
 -0.01685586  0.01417000
 -0.01684503  0.01416000
 -0.01683421  0.01415000
 -0.01682338  0.01414000
 -0.01681254  0.01413000
 -0.01680170  0.01412000
 -0.01679086  0.01411000
 -0.01678002  0.01410000
 -0.01676918  0.01409000
 -0.01675833  0.01408000
 -0.01674747  0.01407000
 -0.01673662  0.01406000
 -0.01672576  0.01405000
 -0.01671490  0.01404000
 -0.01670403  0.01403000
 -0.01669317  0.01402000
 -0.01668230  0.01401000
 -0.01667142  0.01400000
 -0.01666054  0.01399000
 -0.01664966  0.01398000
 -0.01663878  0.01397000
 -0.01662789  0.01396000
 -0.01661700  0.01395000
 -0.01660611  0.01394000
 -0.01659521  0.01393000
 -0.01658431  0.01392000
 -0.01657341  0.01391000
 -0.01656250  0.01390000
 -0.01655159  0.01389000
 -0.01654068  0.01388000
 -0.01652976  0.01387000
 -0.01651884  0.01386000
 -0.01650792  0.01385000
 -0.01649699  0.01384000
 -0.01648606  0.01383000
 -0.01647513  0.01382000
 -0.01646419  0.01381000
 -0.01645325  0.01380000
 -0.01644231  0.01379000
 -0.01643136  0.01378000
 -0.01642041  0.01377000
 -0.01640946  0.01376000
 -0.01639850  0.01375000
 -0.01638754  0.01374000
 -0.01637658  0.01373000
 -0.01636561  0.01372000
 -0.01635464  0.01371000
 -0.01634367  0.01370000
 -0.01633269  0.01369000
 -0.01632171  0.01368000
 -0.01631073  0.01367000
 -0.01629974  0.01366000
 -0.01628875  0.01365000
 -0.01627775  0.01364000
 -0.01626675  0.01363000
 -0.01625575  0.01362000
 -0.01624475  0.01361000
 -0.01623374  0.01360000
 -0.01622273  0.01359000
 -0.01621171  0.01358000
 -0.01620069  0.01357000
 -0.01618967  0.01356000
 -0.01617864  0.01355000
 -0.01616761  0.01354000
 -0.01615658  0.01353000
 -0.01614554  0.01352000
 -0.01613450  0.01351000
 -0.01612345  0.01350000
 -0.01611240  0.01349000
 -0.01610135  0.01348000
 -0.01609029  0.01347000
 -0.01607923  0.01346000
 -0.01606817  0.01345000
 -0.01605710  0.01344000
 -0.01604603  0.01343000
 -0.01603496  0.01342000
 -0.01602388  0.01341000
 -0.01601280  0.01340000
 -0.01600171  0.01339000
 -0.01599062  0.01338000
 -0.01597953  0.01337000
 -0.01596843  0.01336000
 -0.01595733  0.01335000
 -0.01594623  0.01334000
 -0.01593512  0.01333000
 -0.01592401  0.01332000
 -0.01591289  0.01331000
 -0.01590177  0.01330000
 -0.01589065  0.01329000
 -0.01587952  0.01328000
 -0.01586839  0.01327000
 -0.01585725  0.01326000
 -0.01584611  0.01325000
 -0.01583497  0.01324000
 -0.01582382  0.01323000
 -0.01581267  0.01322000
 -0.01580152  0.01321000
 -0.01579036  0.01320000
 -0.01577920  0.01319000
 -0.01576803  0.01318000
 -0.01575686  0.01317000
 -0.01574568  0.01316000
 -0.01573451  0.01315000
 -0.01572332  0.01314000
 -0.01571214  0.01313000
 -0.01570095  0.01312000
 -0.01568975  0.01311000
 -0.01567855  0.01310000
 -0.01566735  0.01309000
 -0.01565614  0.01308000
 -0.01564493  0.01307000
 -0.01563372  0.01306000
 -0.01562250  0.01305000
 -0.01561128  0.01304000
 -0.01560005  0.01303000
 -0.01558882  0.01302000
 -0.01557758  0.01301000
 -0.01556634  0.01300000
 -0.01555510  0.01299000
 -0.01554385  0.01298000
 -0.01553260  0.01297000
 -0.01552134  0.01296000
 -0.01551008  0.01295000
 -0.01549881  0.01294000
 -0.01548754  0.01293000
 -0.01547627  0.01292000
 -0.01546499  0.01291000
 -0.01545370  0.01290000
 -0.01544242  0.01289000
 -0.01543112  0.01288000
 -0.01541983  0.01287000
 -0.01540853  0.01286000
 -0.01539722  0.01285000
 -0.01538591  0.01284000
 -0.01537459  0.01283000
 -0.01536327  0.01282000
 -0.01535195  0.01281000
 -0.01534062  0.01280000
 -0.01532929  0.01279000
 -0.01531795  0.01278000
 -0.01530661  0.01277000
 -0.01529526  0.01276000
 -0.01528391  0.01275000
 -0.01527255  0.01274000
 -0.01526119  0.01273000
 -0.01524983  0.01272000
 -0.01523846  0.01271000
 -0.01522708  0.01270000
 -0.01521570  0.01269000
 -0.01520432  0.01268000
 -0.01519293  0.01267000
 -0.01518153  0.01266000
 -0.01517013  0.01265000
 -0.01515873  0.01264000
 -0.01514732  0.01263000
 -0.01513591  0.01262000
 -0.01512449  0.01261000
 -0.01511306  0.01260000
 -0.01510163  0.01259000
 -0.01509020  0.01258000
 -0.01507876  0.01257000
 -0.01506732  0.01256000
 -0.01505587  0.01255000
 -0.01504442  0.01254000
 -0.01503296  0.01253000
 -0.01502149  0.01252000
 -0.01501002  0.01251000
 -0.01499855  0.01250000
 -0.01498707  0.01249000
 -0.01497559  0.01248000
 -0.01496410  0.01247000
 -0.01495260  0.01246000
 -0.01494110  0.01245000
 -0.01492960  0.01244000
 -0.01491808  0.01243000
 -0.01490657  0.01242000
 -0.01489505  0.01241000
 -0.01488352  0.01240000
 -0.01487199  0.01239000
 -0.01486045  0.01238000
 -0.01484891  0.01237000
 -0.01483736  0.01236000
 -0.01482581  0.01235000
 -0.01481425  0.01234000
 -0.01480269  0.01233000
 -0.01479112  0.01232000
 -0.01477954  0.01231000
 -0.01476796  0.01230000
 -0.01475638  0.01229000
 -0.01474479  0.01228000
 -0.01473319  0.01227000
 -0.01472159  0.01226000
 -0.01470998  0.01225000
 -0.01469837  0.01224000
 -0.01468675  0.01223000
 -0.01467512  0.01222000
 -0.01466349  0.01221000
 -0.01465186  0.01220000
 -0.01464022  0.01219000
 -0.01462857  0.01218000
 -0.01461692  0.01217000
 -0.01460526  0.01216000
 -0.01459359  0.01215000
 -0.01458192  0.01214000
 -0.01457025  0.01213000
 -0.01455857  0.01212000
 -0.01454688  0.01211000
 -0.01453519  0.01210000
 -0.01452349  0.01209000
 -0.01451178  0.01208000
 -0.01450007  0.01207000
 -0.01448835  0.01206000
 -0.01447663  0.01205000
 -0.01446490  0.01204000
 -0.01445317  0.01203000
 -0.01444143  0.01202000
 -0.01442968  0.01201000
 -0.01441793  0.01200000
 -0.01440617  0.01199000
 -0.01439441  0.01198000
 -0.01438264  0.01197000
 -0.01437086  0.01196000
 -0.01435908  0.01195000
 -0.01434729  0.01194000
 -0.01433549  0.01193000
 -0.01432369  0.01192000
 -0.01431189  0.01191000
 -0.01430007  0.01190000
 -0.01428825  0.01189000
 -0.01427643  0.01188000
 -0.01426460  0.01187000
 -0.01425276  0.01186000
 -0.01424091  0.01185000
 -0.01422906  0.01184000
 -0.01421721  0.01183000
 -0.01420534  0.01182000
 -0.01419347  0.01181000
 -0.01418160  0.01180000
 -0.01416971  0.01179000
 -0.01415783  0.01178000
 -0.01414593  0.01177000
 -0.01413403  0.01176000
 -0.01412212  0.01175000
 -0.01411021  0.01174000
 -0.01409829  0.01173000
 -0.01408636  0.01172000
 -0.01407443  0.01171000
 -0.01406248  0.01170000
 -0.01405054  0.01169000
 -0.01403858  0.01168000
 -0.01402662  0.01167000
 -0.01401466  0.01166000
 -0.01400268  0.01165000
 -0.01399070  0.01164000
 -0.01397872  0.01163000
 -0.01396673  0.01162000
 -0.01395473  0.01161000
 -0.01394272  0.01160000
 -0.01393071  0.01159000
 -0.01391869  0.01158000
 -0.01390666  0.01157000
 -0.01389463  0.01156000
 -0.01388258  0.01155000
 -0.01387054  0.01154000
 -0.01385848  0.01153000
 -0.01384642  0.01152000
 -0.01383436  0.01151000
 -0.01382228  0.01150000
 -0.01381020  0.01149000
 -0.01379811  0.01148000
 -0.01378602  0.01147000
 -0.01377391  0.01146000
 -0.01376180  0.01145000
 -0.01374969  0.01144000
 -0.01373757  0.01143000
 -0.01372544  0.01142000
 -0.01371330  0.01141000
 -0.01370115  0.01140000
 -0.01368900  0.01139000
 -0.01367684  0.01138000
 -0.01366468  0.01137000
 -0.01365251  0.01136000
 -0.01364033  0.01135000
 -0.01362814  0.01134000
 -0.01361595  0.01133000
 -0.01360374  0.01132000
 -0.01359154  0.01131000
 -0.01357932  0.01130000
 -0.01356710  0.01129000
 -0.01355487  0.01128000
 -0.01354263  0.01127000
 -0.01353038  0.01126000
 -0.01351813  0.01125000
 -0.01350587  0.01124000
 -0.01349361  0.01123000
 -0.01348133  0.01122000
 -0.01346905  0.01121000
 -0.01345676  0.01120000
 -0.01344447  0.01119000
 -0.01343216  0.01118000
 -0.01341985  0.01117000
 -0.01340753  0.01116000
 -0.01339521  0.01115000
 -0.01338287  0.01114000
 -0.01337053  0.01113000
 -0.01335819  0.01112000
 -0.01334583  0.01111000
 -0.01333347  0.01110000
 -0.01332110  0.01109000
 -0.01330872  0.01108000
 -0.01329633  0.01107000
 -0.01328394  0.01106000
 -0.01327154  0.01105000
 -0.01325913  0.01104000
 -0.01324671  0.01103000
 -0.01323429  0.01102000
 -0.01322186  0.01101000
 -0.01320942  0.01100000
 -0.01319698  0.01099000
 -0.01318452  0.01098000
 -0.01317206  0.01097000
 -0.01315959  0.01096000
 -0.01314711  0.01095000
 -0.01313463  0.01094000
 -0.01312214  0.01093000
 -0.01310964  0.01092000
 -0.01309713  0.01091000
 -0.01308461  0.01090000
 -0.01307209  0.01089000
 -0.01305956  0.01088000
 -0.01304702  0.01087000
 -0.01303448  0.01086000
 -0.01302192  0.01085000
 -0.01300936  0.01084000
 -0.01299679  0.01083000
 -0.01298421  0.01082000
 -0.01297163  0.01081000
 -0.01295903  0.01080000
 -0.01294643  0.01079000
 -0.01293382  0.01078000
 -0.01292121  0.01077000
 -0.01290858  0.01076000
 -0.01289595  0.01075000
 -0.01288331  0.01074000
 -0.01287066  0.01073000
 -0.01285800  0.01072000
 -0.01284534  0.01071000
 -0.01283267  0.01070000
 -0.01281999  0.01069000
 -0.01280730  0.01068000
 -0.01279460  0.01067000
 -0.01278190  0.01066000
 -0.01276919  0.01065000
 -0.01275647  0.01064000
 -0.01274374  0.01063000
 -0.01273100  0.01062000
 -0.01271826  0.01061000
 -0.01270550  0.01060000
 -0.01269274  0.01059000
 -0.01267997  0.01058000
 -0.01266720  0.01057000
 -0.01265441  0.01056000
 -0.01264162  0.01055000
 -0.01262882  0.01054000
 -0.01261601  0.01053000
 -0.01260319  0.01052000
 -0.01259036  0.01051000
 -0.01257753  0.01050000
 -0.01256469  0.01049000
 -0.01255184  0.01048000
 -0.01253898  0.01047000
 -0.01252611  0.01046000
 -0.01251324  0.01045000
 -0.01250035  0.01044000
 -0.01248746  0.01043000
 -0.01247456  0.01042000
 -0.01246165  0.01041000
 -0.01244874  0.01040000
 -0.01243581  0.01039000
 -0.01242288  0.01038000
 -0.01240994  0.01037000
 -0.01239698  0.01036000
 -0.01238403  0.01035000
 -0.01237106  0.01034000
 -0.01235808  0.01033000
 -0.01234510  0.01032000
 -0.01233211  0.01031000
 -0.01231911  0.01030000
 -0.01230610  0.01029000
 -0.01229308  0.01028000
 -0.01228005  0.01027000
 -0.01226702  0.01026000
 -0.01225398  0.01025000
 -0.01224092  0.01024000
 -0.01222786  0.01023000
 -0.01221480  0.01022000
 -0.01220172  0.01021000
 -0.01218863  0.01020000
 -0.01217554  0.01019000
 -0.01216244  0.01018000
 -0.01214932  0.01017000
 -0.01213620  0.01016000
 -0.01212307  0.01015000
 -0.01210994  0.01014000
 -0.01209679  0.01013000
 -0.01208364  0.01012000
 -0.01207047  0.01011000
 -0.01205730  0.01010000
 -0.01204412  0.01009000
 -0.01203093  0.01008000
 -0.01201773  0.01007000
 -0.01200453  0.01006000
 -0.01199131  0.01005000
 -0.01197809  0.01004000
 -0.01196485  0.01003000
 -0.01195161  0.01002000
 -0.01193836  0.01001000
 -0.01192510  0.01000000
 -0.01191183  0.00999000
 -0.01189855  0.00998000
 -0.01188527  0.00997000
 -0.01187197  0.00996000
 -0.01185867  0.00995000
 -0.01184536  0.00994000
 -0.01183203  0.00993000
 -0.01181870  0.00992000
 -0.01180536  0.00991000
 -0.01179202  0.00990000
 -0.01177866  0.00989000
 -0.01176529  0.00988000
 -0.01175192  0.00987000
 -0.01173853  0.00986000
 -0.01172514  0.00985000
 -0.01171174  0.00984000
 -0.01169833  0.00983000
 -0.01168491  0.00982000
 -0.01167148  0.00981000
 -0.01165804  0.00980000
 -0.01164459  0.00979000
 -0.01163114  0.00978000
 -0.01161767  0.00977000
 -0.01160420  0.00976000
 -0.01159071  0.00975000
 -0.01157722  0.00974000
 -0.01156372  0.00973000
 -0.01155021  0.00972000
 -0.01153669  0.00971000
 -0.01152316  0.00970000
 -0.01150962  0.00969000
 -0.01149607  0.00968000
 -0.01148251  0.00967000
 -0.01146895  0.00966000
 -0.01145537  0.00965000
 -0.01144179  0.00964000
 -0.01142820  0.00963000
 -0.01141459  0.00962000
 -0.01140098  0.00961000
 -0.01138736  0.00960000
 -0.01137373  0.00959000
 -0.01136009  0.00958000
 -0.01134644  0.00957000
 -0.01133278  0.00956000
 -0.01131911  0.00955000
 -0.01130543  0.00954000
 -0.01129174  0.00953000
 -0.01127805  0.00952000
 -0.01126434  0.00951000
 -0.01125062  0.00950000
 -0.01123689  0.00949000
 -0.01122315  0.00948000
 -0.01120941  0.00947000
 -0.01119565  0.00946000
 -0.01118188  0.00945000
 -0.01116810  0.00944000
 -0.01115430  0.00943000
 -0.01114050  0.00942000
 -0.01112669  0.00941000
 -0.01111287  0.00940000
 -0.01109903  0.00939000
 -0.01108518  0.00938000
 -0.01107132  0.00937000
 -0.01105745  0.00936000
 -0.01104357  0.00935000
 -0.01102968  0.00934000
 -0.01101577  0.00933000
 -0.01100186  0.00932000
 -0.01098793  0.00931000
 -0.01097399  0.00930000
 -0.01096003  0.00929000
 -0.01094607  0.00928000
 -0.01093209  0.00927000
 -0.01091810  0.00926000
 -0.01090409  0.00925000
 -0.01089008  0.00924000
 -0.01087605  0.00923000
 -0.01086201  0.00922000
 -0.01084795  0.00921000
 -0.01083388  0.00920000
 -0.01081980  0.00919000
 -0.01080570  0.00918000
 -0.01079160  0.00917000
 -0.01077747  0.00916000
 -0.01076334  0.00915000
 -0.01074919  0.00914000
 -0.01073502  0.00913000
 -0.01072084  0.00912000
 -0.01070665  0.00911000
 -0.01069244  0.00910000
 -0.01067822  0.00909000
 -0.01066399  0.00908000
 -0.01064974  0.00907000
 -0.01063547  0.00906000
 -0.01062119  0.00905000
 -0.01060690  0.00904000
 -0.01059259  0.00903000
 -0.01057826  0.00902000
 -0.01056392  0.00901000
 -0.01054957  0.00900000
 -0.01053520  0.00899000
 -0.01052081  0.00898000
 -0.01050641  0.00897000
 -0.01049199  0.00896000
 -0.01047756  0.00895000
 -0.01046311  0.00894000
 -0.01044865  0.00893000
 -0.01043416  0.00892000
 -0.01041967  0.00891000
 -0.01040515  0.00890000
 -0.01039062  0.00889000
 -0.01037608  0.00888000
 -0.01036151  0.00887000
 -0.01034693  0.00886000
 -0.01033233  0.00885000
 -0.01031772  0.00884000
 -0.01030309  0.00883000
 -0.01028844  0.00882000
 -0.01027377  0.00881000
 -0.01025909  0.00880000
 -0.01024439  0.00879000
 -0.01022967  0.00878000
 -0.01021493  0.00877000
 -0.01020018  0.00876000
 -0.01018541  0.00875000
 -0.01017062  0.00874000
 -0.01015581  0.00873000
 -0.01014098  0.00872000
 -0.01012614  0.00871000
 -0.01011127  0.00870000
 -0.01009639  0.00869000
 -0.01008149  0.00868000
 -0.01006657  0.00867000
 -0.01005163  0.00866000
 -0.01003668  0.00865000
 -0.01002170  0.00864000
 -0.01000671  0.00863000
 -0.00999169  0.00862000
 -0.00997666  0.00861000
 -0.00996160  0.00860000
 -0.00994653  0.00859000
 -0.00993144  0.00858000
 -0.00991632  0.00857000
 -0.00990119  0.00856000
 -0.00988604  0.00855000
 -0.00987086  0.00854000
 -0.00985567  0.00853000
 -0.00984046  0.00852000
 -0.00982522  0.00851000
 -0.00980997  0.00850000
 -0.00979469  0.00849000
 -0.00977940  0.00848000
 -0.00976408  0.00847000
 -0.00974874  0.00846000
 -0.00973338  0.00845000
 -0.00971800  0.00844000
 -0.00970260  0.00843000
 -0.00968718  0.00842000
 -0.00967173  0.00841000
 -0.00965627  0.00840000
 -0.00964078  0.00839000
 -0.00962527  0.00838000
 -0.00960974  0.00837000
 -0.00959419  0.00836000
 -0.00957861  0.00835000
 -0.00956301  0.00834000
 -0.00954739  0.00833000
 -0.00953175  0.00832000
 -0.00951609  0.00831000
 -0.00950040  0.00830000
 -0.00948469  0.00829000
 -0.00946895  0.00828000
 -0.00945320  0.00827000
 -0.00943742  0.00826000
 -0.00942161  0.00825000
 -0.00940579  0.00824000
 -0.00938994  0.00823000
 -0.00937407  0.00822000
 -0.00935817  0.00821000
 -0.00934225  0.00820000
 -0.00932631  0.00819000
 -0.00931034  0.00818000
 -0.00929435  0.00817000
 -0.00927833  0.00816000
 -0.00926229  0.00815000
 -0.00924623  0.00814000
 -0.00923014  0.00813000
 -0.00921402  0.00812000
 -0.00919788  0.00811000
 -0.00918172  0.00810000
 -0.00916553  0.00809000
 -0.00914932  0.00808000
 -0.00913308  0.00807000
 -0.00911682  0.00806000
 -0.00910053  0.00805000
 -0.00908422  0.00804000
 -0.00906788  0.00803000
 -0.00905151  0.00802000
 -0.00903512  0.00801000
 -0.00901871  0.00800000
 -0.00900226  0.00799000
 -0.00898580  0.00798000
 -0.00896930  0.00797000
 -0.00895278  0.00796000
 -0.00893623  0.00795000
 -0.00891966  0.00794000
 -0.00890306  0.00793000
 -0.00888643  0.00792000
 -0.00886978  0.00791000
 -0.00885310  0.00790000
 -0.00883639  0.00789000
 -0.00881966  0.00788000
 -0.00880290  0.00787000
 -0.00878611  0.00786000
 -0.00876930  0.00785000
 -0.00875246  0.00784000
 -0.00873559  0.00783000
 -0.00871870  0.00782000
 -0.00870177  0.00781000
 -0.00868483  0.00780000
 -0.00866785  0.00779000
 -0.00865085  0.00778000
 -0.00863382  0.00777000
 -0.00861677  0.00776000
 -0.00859968  0.00775000
 -0.00858257  0.00774000
 -0.00856544  0.00773000
 -0.00854828  0.00772000
 -0.00853109  0.00771000
 -0.00851387  0.00770000
 -0.00849663  0.00769000
 -0.00847936  0.00768000
 -0.00846206  0.00767000
 -0.00844474  0.00766000
 -0.00842739  0.00765000
 -0.00841001  0.00764000
 -0.00839260  0.00763000
 -0.00837517  0.00762000
 -0.00835772  0.00761000
 -0.00834023  0.00760000
 -0.00832272  0.00759000
 -0.00830518  0.00758000
 -0.00828762  0.00757000
 -0.00827003  0.00756000
 -0.00825241  0.00755000
 -0.00823476  0.00754000
 -0.00821709  0.00753000
 -0.00819939  0.00752000
 -0.00818166  0.00751000
 -0.00816391  0.00750000
 -0.00814613  0.00749000
 -0.00812833  0.00748000
 -0.00811049  0.00747000
 -0.00809263  0.00746000
 -0.00807475  0.00745000
 -0.00805683  0.00744000
 -0.00803889  0.00743000
 -0.00802092  0.00742000
 -0.00800293  0.00741000
 -0.00798491  0.00740000
 -0.00796686  0.00739000
 -0.00794879  0.00738000
 -0.00793068  0.00737000
 -0.00791256  0.00736000
 -0.00789440  0.00735000
 -0.00787622  0.00734000
 -0.00785801  0.00733000
 -0.00783977  0.00732000
 -0.00782151  0.00731000
 -0.00780322  0.00730000
 -0.00778490  0.00729000
 -0.00776656  0.00728000
 -0.00774819  0.00727000
 -0.00772979  0.00726000
 -0.00771137  0.00725000
 -0.00769292  0.00724000
 -0.00767444  0.00723000
 -0.00765594  0.00722000
 -0.00763741  0.00721000
 -0.00761885  0.00720000
 -0.00760027  0.00719000
 -0.00758165  0.00718000
 -0.00756302  0.00717000
 -0.00754435  0.00716000
 -0.00752566  0.00715000
 -0.00750694  0.00714000
 -0.00748819  0.00713000
 -0.00746942  0.00712000
 -0.00745062  0.00711000
 -0.00743179  0.00710000
 -0.00741294  0.00709000
 -0.00739406  0.00708000
 -0.00737515  0.00707000
 -0.00735622  0.00706000
 -0.00733726  0.00705000
 -0.00731827  0.00704000
 -0.00729926  0.00703000
 -0.00728022  0.00702000
 -0.00726115  0.00701000
 -0.00724205  0.00700000
 -0.00722293  0.00699000
 -0.00720378  0.00698000
 -0.00718461  0.00697000
 -0.00716541  0.00696000
 -0.00714618  0.00695000
 -0.00712692  0.00694000
 -0.00710764  0.00693000
 -0.00708833  0.00692000
 -0.00706899  0.00691000
 -0.00704963  0.00690000
 -0.00703024  0.00689000
 -0.00701082  0.00688000
 -0.00699138  0.00687000
 -0.00697191  0.00686000
 -0.00695241  0.00685000
 -0.00693288  0.00684000
 -0.00691333  0.00683000
 -0.00689375  0.00682000
 -0.00687415  0.00681000
 -0.00685452  0.00680000
 -0.00683486  0.00679000
 -0.00681517  0.00678000
 -0.00679546  0.00677000
 -0.00677572  0.00676000
 -0.00675595  0.00675000
 -0.00673616  0.00674000
 -0.00671634  0.00673000
 -0.00669649  0.00672000
 -0.00667662  0.00671000
 -0.00665672  0.00670000
 -0.00663679  0.00669000
 -0.00661683  0.00668000
 -0.00659685  0.00667000
 -0.00657684  0.00666000
 -0.00655681  0.00665000
 -0.00653675  0.00664000
 -0.00651666  0.00663000
 -0.00649654  0.00662000
 -0.00647640  0.00661000
 -0.00645623  0.00660000
 -0.00643603  0.00659000
 -0.00641580  0.00658000
 -0.00639554  0.00657000
 -0.00637524  0.00656000
 -0.00635490  0.00655000
 -0.00633451  0.00654000
 -0.00631408  0.00653000
 -0.00629360  0.00652000
 -0.00627306  0.00651000
 -0.00625247  0.00650000
 -0.00623182  0.00649000
 -0.00621111  0.00648000
 -0.00619033  0.00647000
 -0.00616949  0.00646000
 -0.00614857  0.00645000
 -0.00612758  0.00644000
 -0.00610651  0.00643000
 -0.00608537  0.00642000
 -0.00606413  0.00641000
 -0.00604282  0.00640000
 -0.00602141  0.00639000
 -0.00599990  0.00638000
 -0.00597831  0.00637000
 -0.00595661  0.00636000
 -0.00593481  0.00635000
 -0.00591291  0.00634000
 -0.00589090  0.00633000
 -0.00586877  0.00632000
 -0.00584654  0.00631000
 -0.00582418  0.00630000
 -0.00580170  0.00629000
 -0.00577910  0.00628000
 -0.00575638  0.00627000
 -0.00573352  0.00626000
 -0.00571053  0.00625000
 -0.00568741  0.00624000
 -0.00566415  0.00623000
 -0.00564074  0.00622000
 -0.00561719  0.00621000
 -0.00559349  0.00620000
 -0.00556964  0.00619000
 -0.00554563  0.00618000
 -0.00552147  0.00617000
 -0.00549715  0.00616000
 -0.00547266  0.00615000
 -0.00544801  0.00614000
 -0.00542318  0.00613000
 -0.00539819  0.00612000
 -0.00537302  0.00611000
 -0.00534766  0.00610000
 -0.00532213  0.00609000
 -0.00529641  0.00608000
 -0.00527051  0.00607000
 -0.00524441  0.00606000
 -0.00521812  0.00605000
 -0.00519162  0.00604000
 -0.00516493  0.00603000
 -0.00513804  0.00602000
 -0.00511094  0.00601000
 -0.00508363  0.00600000
 -0.00505610  0.00599000
 -0.00502836  0.00598000
 -0.00500041  0.00597000
 -0.00497222  0.00596000
 -0.00494382  0.00595000
 -0.00491518  0.00594000
 -0.00488632  0.00593000
 -0.00485722  0.00592000
 -0.00482788  0.00591000
 -0.00479830  0.00590000
 -0.00476848  0.00589000
 -0.00473841  0.00588000
 -0.00470809  0.00587000
 -0.00467752  0.00586000
 -0.00464669  0.00585000
 -0.00461561  0.00584000
 -0.00458426  0.00583000
 -0.00455264  0.00582000
 -0.00452076  0.00581000
 -0.00448861  0.00580000
 -0.00445618  0.00579000
 -0.00442347  0.00578000
 -0.00439049  0.00577000
 -0.00435722  0.00576000
 -0.00432366  0.00575000
 -0.00428981  0.00574000
 -0.00425567  0.00573000
 -0.00422124  0.00572000
 -0.00418650  0.00571000
 -0.00415147  0.00570000
 -0.00411612  0.00569000
 -0.00408047  0.00568000
 -0.00404451  0.00567000
 -0.00400824  0.00566000
 -0.00397164  0.00565000
 -0.00393473  0.00564000
 -0.00389749  0.00563000
 -0.00385993  0.00562000
 -0.00382203  0.00561000
 -0.00378380  0.00560000
 -0.00374524  0.00559000
 -0.00370634  0.00558000
 -0.00366709  0.00557000
 -0.00362750  0.00556000
 -0.00358756  0.00555000
 -0.00354727  0.00554000
 -0.00350663  0.00553000
 -0.00346563  0.00552000
 -0.00342428  0.00551000
 -0.00338259  0.00550000
 -0.00334056  0.00549000
 -0.00329821  0.00548000
 -0.00325553  0.00547000
 -0.00321253  0.00546000
 -0.00316922  0.00545000
 -0.00312561  0.00544000
 -0.00308170  0.00543000
 -0.00303750  0.00542000
 -0.00299302  0.00541000
 -0.00294825  0.00540000
 -0.00290321  0.00539000
 -0.00285791  0.00538000
 -0.00281235  0.00537000
 -0.00276653  0.00536000
 -0.00272047  0.00535000
 -0.00267416  0.00534000
 -0.00262762  0.00533000
 -0.00258086  0.00532000
 -0.00253387  0.00531000
 -0.00248667  0.00530000
 -0.00243926  0.00529000
 -0.00239164  0.00528000
 -0.00234383  0.00527000
 -0.00229584  0.00526000
 -0.00224765  0.00525000
 -0.00219929  0.00524000
 -0.00215077  0.00523000
 -0.00210207  0.00522000
 -0.00205322  0.00521000
 -0.00200422  0.00520000
 -0.00195507  0.00519000
 -0.00190578  0.00518000
 -0.00185637  0.00517000
 -0.00180682  0.00516000
 -0.00175716  0.00515000
 -0.00170738  0.00514000
 -0.00165750  0.00513000
 -0.00160751  0.00512000
 -0.00155744  0.00511000
 -0.00150727  0.00510000
 -0.00145702  0.00509000
 -0.00140670  0.00508000
 -0.00135631  0.00507000
 -0.00130586  0.00506000
 -0.00125535  0.00505000
 -0.00120479  0.00504000
 -0.00115419  0.00503000
 -0.00110356  0.00502000
 -0.00105289  0.00501000
 -0.00100220  0.00500000
  0.00000000  0.00500000
